"id","code_cpf4","code_cpf6","code_hs4","code_nc","macro_sector_id","name","product_chapter_id","created_at","updated_at","deleted_at","updated_by","macro_sector_naf_id"
1,NULL,NULL,"0101","0101",NULL,"""en""=>""Live horses, asses, mules and hinnies"", ""fr""=>""Chevaux, ânes, mulets et bardots, vivants""",1,"2020-08-31 07:24:26.558547","2020-08-31 07:24:26.558547",NULL,0,1
8,NULL,NULL,"0102","0102",NULL,"""en""=>""Live bovine animals"", ""fr""=>""Animaux vivants de l'espèce bovine""",1,"2020-08-31 07:24:26.558547","2020-08-31 07:24:26.558547",NULL,0,1
34,NULL,NULL,"0103","0103",NULL,"""en""=>""Live swine"", ""fr""=>""Animaux vivants de l'espèce porcine""",1,"2020-08-31 07:24:26.558547","2020-08-31 07:24:26.558547",NULL,0,1
43,NULL,NULL,"0104","0104",NULL,"""en""=>""Live sheep and goats"", ""fr""=>""Animaux vivants des espèces ovine ou caprine""",1,"2020-08-31 07:24:26.558547","2020-08-31 07:24:26.558547",NULL,0,1
51,NULL,NULL,"0105","0105",NULL,"""en""=>""Live poultry, \""fowls of the species Gallus domesticus, ducks, geese, turkeys and guinea fowls\"""", ""fr""=>""Coqs, poules, canards, oies, dindons, dindes et pintades [des espèces domestiques], vivants""",1,"2020-08-31 07:24:26.558547","2020-08-31 07:24:26.558547",NULL,0,1
67,NULL,NULL,"0106","0106",NULL,"""en""=>""Live animals (excl. horses, asses, mules, hinnies, bovine animals, swine, sheep, goats, poultry, fish, crustaceans, molluscs and other aquatic invertebrates, and microorganic cultures etc.)"", ""fr""=>""Animaux vivants (à l'excl. des animaux des espèces chevaline, asine, mulassière, bovine, porcine, ovine ou caprine, des coqs, poules, canards, oies, dindons, dindes et pintades [des espèces domestiques], des poissons, crustacés, mollusques et autres invertébrés aquatiques ainsi que des cultures de micro-organismes et produits simil.)""",1,"2020-08-31 07:24:26.558547","2020-08-31 07:24:26.558547",NULL,0,1
85,NULL,NULL,"0201","0201",NULL,"""en""=>""Meat of bovine animals, fresh or chilled"", ""fr""=>""Viandes des animaux de l'espèce bovine, fraîches ou réfrigérées""",2,"2020-08-31 07:24:26.558547","2020-08-31 07:24:26.558547",NULL,0,3
93,NULL,NULL,"0202","0202",NULL,"""en""=>""Meat of bovine animals, frozen"", ""fr""=>""Viandes des animaux de l'espèce bovine, congelées""",2,"2020-08-31 07:24:26.558547","2020-08-31 07:24:26.558547",NULL,0,3
104,NULL,NULL,"0203","0203",NULL,"""en""=>""Meat of swine, fresh, chilled or frozen"", ""fr""=>""Viandes des animaux de l'espèce porcine, fraîches, réfrigérées ou congelées""",2,"2020-08-31 07:24:26.558547","2020-08-31 07:24:26.558547",NULL,0,3
139,"1011","101113","0204","0204 22 50",1,"""en""=>""Fresh or chilled sheep legs"", ""fr""=>""Culottes ou demi-culottes, d'ovins, fraîches ou réfrigérées""",2,"2020-08-31 07:24:26.558547","2020-08-31 07:24:26.558547",NULL,0,3
166,"1011","101115","0205","0205 00 20",1,"""en""=>""Fresh or chilled meat of horses, asses, mules or hinnies"", ""fr""=>""Viandes des animaux des espèces chevaline, asine ou mulassière, fraîches ou réfrigérées""",2,"2020-08-31 07:24:26.558547","2020-08-31 07:24:26.558547",NULL,0,3
168,NULL,NULL,"0206","0206",NULL,"""en""=>""Edible offal of bovine animals, swine, sheep, goats, horses, asses, mules or hinnies, fresh, chilled or frozen"", ""fr""=>""Abats comestibles des animaux des espèces bovine, porcine, ovine, caprine, chevaline, asine ou mulassière, frais, réfrigérés ou congelés""",2,"2020-08-31 07:24:26.558547","2020-08-31 07:24:26.558547",NULL,0,3
190,NULL,NULL,"0207","0207",NULL,"""en""=>""Meat and edible offal of fowls of the species Gallus domesticus, ducks, geese, turkeys and guinea fowls, fresh, chilled or frozen"", ""fr""=>""Viandes et abats comestibles, frais, réfrigérés ou congelés, de coqs, poules, canards, oies, dindons, dindes et pintades [des espèces domestiques]""",2,"2020-08-31 07:24:26.558547","2020-08-31 07:24:26.558547",NULL,0,3
318,NULL,NULL,"0208","0208",NULL,"""en""=>""Meat and edible offal of rabbits, hares, pigeons and other animals, fresh, chilled or frozen (excl. of bovine animals, swine, sheep, goats, horses, asses, mules, hinnies, poultry \""fowls of the species Gallus domesticus\"", ducks, geese, turkeys and guinea fowls)"", ""fr""=>""Viandes et abats comestibles frais, réfrigérés ou congelés de lapin, de lièvre, de pigeon et d'autres espèces animales (à l'excl. des viandes et abats d'animaux des espèces bovine, porcine, ovine, caprine, chevaline, asine ou mulassière, ainsi que des viandes et abats de coq, de poule, de canard, d'oie, de dindon, de dinde et de pintade des espèces domestiques)""",2,"2020-08-31 07:24:26.558547","2020-08-31 07:24:26.558547",NULL,0,3
335,NULL,NULL,"0209","0209",NULL,"""en""=>""Pig fat, free of lean meat, and poultry fat, not rendered or otherwise extracted, fresh, chilled, frozen, salted, in brine, dried or smoked"", ""fr""=>""Lard sans parties maigres, graisse de porc et graisse de volailles non-fondues ni autrement extraites, frais, réfrigérés, congelés, salés ou en saumure, séchés ou fumés""",2,"2020-08-31 07:24:26.558547","2020-08-31 07:24:26.558547",NULL,0,3
341,NULL,NULL,"0210","0210",NULL,"""en""=>""Meat and edible offal, salted, in brine, dried or smoked; edible flours and meals of meat or meat offal"", ""fr""=>""Viandes et abats comestibles, salés ou en saumure, séchés ou fumés; farines et poudres, comestibles, de viandes ou d'abats""",2,"2020-08-31 07:24:26.558547","2020-08-31 07:24:26.558547",NULL,0,3
388,"0300","030011","0301","0301 11 00",1,"""en""=>""Live ornamental freshwater fish"", ""fr""=>""Poissons d'ornement d'eau douce, vivants""",3,"2020-08-31 07:24:26.558547","2020-08-31 07:24:26.558547",NULL,0,1
419,"0300","03002D","0302","0302 23 00",1,"""en""=>""Fresh or chilled sole \""Solea spp.\"""", ""fr""=>""Soles [Solea spp.], fraîches ou réfrigérées""",3,"2020-08-31 07:24:26.558547","2020-08-31 07:24:26.558547",NULL,0,1
563,"1020","102013","0303","0303 51 00",1,"""en""=>""Frozen herrings \""Clupea harengus, Clupea pallasii\"""", ""fr""=>""Harengs [Clupea harengus, Clupea pallasii], congelés""",3,"2020-08-31 07:24:26.558547","2020-08-31 07:24:26.558547",NULL,0,3
640,"1020","102011","0304","0304 42 10",1,"""en""=>""Fresh or chilled fillets of trout \""Oncorhynchus mykiss\"", weighing > 400 g each"", ""fr""=>""Filets de truites [Oncorhynchus mykiss] pesant > 400 g pièce, frais ou réfrigérés""",3,"2020-08-31 07:24:26.558547","2020-08-31 07:24:26.558547",NULL,0,3
758,NULL,NULL,"0305","0305",NULL,"""en""=>""Fish, fit for human consumption, dried, salted or in brine; smoked fish, fit for human consumption, whether or not cooked before or during the smoking process; flours, meals and pellets of fish, fit for human consumption"", ""fr""=>""Poissons comestibles, séchés, salés ou en saumure; poissons comestibles, fumés, même cuits avant ou pendant le fumage; farines, poudres et agglomérés sous forme de pellets de poisson, propres à l'alimentation humaine""",3,"2020-08-31 07:24:26.558547","2020-08-31 07:24:26.558547",NULL,0,3
810,"1020","102031","0306","0306 11 90",1,"""en""=>""Frozen rock lobster and other sea crawfish \""Palinurus spp., Panulirus spp. and Jasus spp.\"", even smoked, whether in shell or not, incl. ones in shell, cooked by steaming or by boiling in water (excl. crawfish tails)"", ""fr""=>""Langoustes «Palinurus spp., Panulirus spp., Jasus spp», même fumées, même décortiquées, congelées, y compris les langoustes non décortiquées, cuites à l’eau ou à la vapeur (à l’exclusion des queues de langoustes)""",3,"2020-08-31 07:24:26.558547","2020-08-31 07:24:26.558547",NULL,0,3
890,"0300","030042","0307","0307 42 10",1,"""en""=>""Cuttle fish \""Sepia officinalis, Rossia macrosoma, Sepiola spp.\"", live, fresh or chilled, with or without shell"", ""fr""=>""Seiches «Sepia officinalis, Rossia macrosoma» et sépioles «Sepiola spp.», même séparées de leur coquille, vivantes, fraîches ou réfrigérées""",3,"2020-08-31 07:24:26.558547","2020-08-31 07:24:26.558547",NULL,0,1
931,NULL,NULL,"0308","0308",NULL,"""en""=>""Aquatic invertebrates other than crustaceans and molluscs, live, fresh, chilled, frozen, dried, salted or in brine, even smoked; flours, meals and pellets of aquatic invertebrates other than crustaceans and molluscs, fit for human consumption"", ""fr""=>""Invertébrés aquatiques autres que les crustacés et les mollusques, vivants, frais, réfrigérés, séchés, salés ou en saumure, même fumés; farines, poudres et agglomérés sous forme de pellets d’invertébrés aquatiques autres que les crustacés et les mollusques, propres à l’alimentation humaine""",3,"2020-08-31 07:24:26.558547","2020-08-31 07:24:26.558547",NULL,0,3
945,NULL,NULL,"0401","0401",NULL,"""en""=>""Milk and cream, not concentrated nor containing added sugar or other sweetening matter"", ""fr""=>""Lait et crème de lait, non-concentrés ni additionnés de sucre ou d'autres édulcorants""",4,"2020-08-31 07:24:26.558547","2020-08-31 07:24:26.558547",NULL,0,3
964,NULL,NULL,"0402","0402",NULL,"""en""=>""Milk and cream, concentrated or containing added sugar or other sweetening matter"", ""fr""=>""Lait et crème de lait, concentrés ou additionnés de sucre ou d'autres édulcorants""",4,"2020-08-31 07:24:26.558547","2020-08-31 07:24:26.558547",NULL,0,3
994,NULL,NULL,"0403","0403",NULL,"""en""=>""Buttermilk, curdled milk and cream, yogurt, kephir and other fermented or acidified milk and cream, whether or not concentrated or flavoured or containing added sugar or other sweetening matter, fruits, nuts or cocoa"", ""fr""=>""Babeurre, lait et crème caillés, yoghourt, képhir et autres laits et crèmes fermentés ou acidifiés, même concentrés ou additionnés de sucre ou d'autres édulcorants ou aromatisés ou additionnés de fruits ou de cacao""",4,"2020-08-31 07:24:26.558547","2020-08-31 07:24:26.558547",NULL,0,3
1027,NULL,NULL,"0404","0404",NULL,"""en""=>""Whey, whether or not concentrated or containing added sugar or other sweetening matter; products consisting of natural milk constituents, whether or not containing added sugar or other sweetening matter, n.e.s."", ""fr""=>""Lactosérum, même concentré ou additionné de sucre ou d'autres édulcorants; produits consistant en composants naturels du lait, même additionnés de sucre ou d'autres édulcorants, n.d.a.""",4,"2020-08-31 07:24:26.558547","2020-08-31 07:24:26.558547",NULL,0,3
1060,NULL,NULL,"0405","0405",NULL,"""en""=>""Butter, incl. dehydrated butter and ghee, and other fats and oils derived from milk; dairy spreads"", ""fr""=>""Beurre, y.c. le beurre déshydraté et le ghee, et autres matières grasses provenant du lait ainsi que pâtes à tartiner laitières""",4,"2020-08-31 07:24:26.558547","2020-08-31 07:24:26.558547",NULL,0,3
1086,"1051","105140","0406","0406 40 10",1,"""en""=>""Roquefort"", ""fr""=>""Roquefort""",4,"2020-08-31 07:24:26.558547","2020-08-31 07:24:26.558547",NULL,0,3
1127,"0149","014924","0407","0407 19 90",1,"""en""=>""Fertilised birds' eggs for incubation (excl. of poultry)"", ""fr""=>""Œufs fertilisés d’oiseaux, destinés à l’incubation (à l'excl. des œufs de volailles de basse-cour)""",4,"2020-08-31 07:24:26.558547","2020-08-31 07:24:26.558547",NULL,0,1
1135,NULL,NULL,"0408","0408",NULL,"""en""=>""Birds' eggs, not in shell, and egg yolks, fresh, dried, cooked by steaming or by boiling in water, moulded, frozen or otherwise preserved, whether or not containing added sugar or other sweetening matter"", ""fr""=>""Œufs d'oiseaux, dépourvus de leurs coquilles, et jaunes d'œufs, frais, séchés, cuits à l'eau ou à la vapeur, moulés, congelés ou autrement conservés, même additionnés de sucre ou d'autres édulcorants""",4,"2020-08-31 07:24:26.558547","2020-08-31 07:24:26.558547",NULL,0,3
12203,"0149","014921","0409","0409 00",1,"""en""=>""Natural honey"", ""fr""=>""Miel naturel""",4,"2020-09-17 09:06:10.164221","2020-09-17 09:06:10.164221",NULL,0,NULL
12204,"0149","014924","0410","0410 00",1,"""en""=>""Turtles' eggs, birds' nests and other edible products of animal origin, n.e.s."", ""fr""=>""Oeufs de tortues, nids de salanganes et autres produits comestibles d'origine animale, n.d.a.""",4,"2020-09-17 09:06:10.164221","2020-09-17 09:06:10.164221",NULL,0,NULL
12205,"9602","960220","0501","0501 00",1,"""en""=>""Human hair, unworked, whether or not washed or scoured; waste of human hair"", ""fr""=>""Cheveux bruts, même lavés ou dégraissés; déchets de cheveux""",5,"2020-09-17 09:06:10.164221","2020-09-17 09:06:10.164221",NULL,0,NULL
1152,NULL,NULL,"0502","0502",NULL,"""en""=>""Pigs', hogs' or boars' bristles and hair; badger hair and other brush making hair; waste of such bristles or hair"", ""fr""=>""Soies de porc ou de sanglier; poils de blaireau et autres poils pour la brosserie; déchets de ces soies ou poils""",5,"2020-08-31 07:24:26.558547","2020-08-31 07:24:26.558547",NULL,0,3
12206,"1011","101160","0504","0504 00",1,"""en""=>""Guts, bladders and stomachs of animals (other than fish), whole and pieces thereof, fresh, chilled, frozen, salted, in brine, dried or smoked"", ""fr""=>""Boyaux, vessies et estomacs d'animaux (autres que ceux de poissons), entiers ou en morceaux, à l'état frais, réfrigéré, congelé, salé ou en saumure, séché ou fumé""",5,"2020-09-17 09:06:10.164221","2020-09-17 09:06:10.164221",NULL,0,NULL
1156,NULL,NULL,"0505","0505",NULL,"""en""=>""Skins and other parts of birds, with their feathers or down, feathers and parts of feathers, whether or not with trimmed edges, and down, not further worked than cleaned, disinfected or treated for preservation; powder and waste of feathers or parts of feathers"", ""fr""=>""Peaux et autres parties d'oiseaux revêtues de leurs plumes ou de leur duvet, plumes et parties de plumes - même rognées -, duvet, bruts ou simpl. nettoyés, désinfectés ou traités en vue de leur conservation; poudres et déchets de plumes ou de parties de plumes""",5,"2020-08-31 07:24:26.558547","2020-08-31 07:24:26.558547",NULL,0,3
1161,NULL,NULL,"0506","0506",NULL,"""en""=>""Bones and horn-cores and their powder and waste, unworked, defatted, simply prepared, treated with acid or degelatinised (excl. cut to shape)"", ""fr""=>""Os et cornillons, bruts, dégraissés, simpl. préparés -mais non-découpés en forme -, acidulés ou dégélatinés; poudres et déchets de ces matières""",5,"2020-08-31 07:24:26.558547","2020-08-31 07:24:26.558547",NULL,0,3
1165,"1011","101160","0507","0507 10 00",1,"""en""=>""Ivory, unworked or simply prepared, its powder and waste (excl. cut to shape)"", ""fr""=>""Ivoire, brut ou simpl. préparé, et poudres et déchets d'ivoire (à l'excl. de l'ivoire découpé en forme)""",5,"2020-08-31 07:24:26.558547","2020-08-31 07:24:26.558547",NULL,0,3
12207,"0300","030061","0508","0508 00",1,"""en""=>""Coral and similar materials, shells of molluscs, crustaceans or echinoderms, cuttle-bone, powder and waste thereof, unworked or simply prepared but not otherwise worked or cut to shape"", ""fr""=>""Corail et matières simil., bruts ou simpl. préparés, mais non autrement travaillés; coquilles et carapaces de mollusques, de crustacés ou d'échinodermes et os de seiches, bruts ou simpl. préparés, mais non découpés en forme, leurs poudres et leurs déchets""",5,"2020-09-17 09:06:10.164221","2020-09-17 09:06:10.164221",NULL,0,NULL
12208,"1011","101160","0510","0510 00",1,"""en""=>""Ambergris, castoreum, civet and musk; cantharides; bile, whether or not dried; glands and other animal products used in the preparation of pharmaceutical products, fresh, chilled, frozen or otherwise provisionally preserved"", ""fr""=>""Ambre gris, castoréum, civette et musc; cantharides; bile, même séchée; glandes et autres substances d'origine animale utilisées pour la préparation de produits pharmaceutiques, fraîches, réfrigérées, congelées ou autrement conservées de façon provisoire""",5,"2020-09-17 09:06:10.164221","2020-09-17 09:06:10.164221",NULL,0,NULL
1169,NULL,NULL,"0511","0511",NULL,"""en""=>""Animal products n.e.s.; dead animals of all types, unfit for human consumption"", ""fr""=>""Produits d'origine animale, n.d.a.; animaux morts de tous types, impropres à l'alimentation humaine""",5,"2020-08-31 07:24:26.558547","2020-08-31 07:24:26.558547",NULL,0,3
1187,"0130","013010","0601","0601 20 10",2,"""en""=>""Chicory plants and roots (excl. chicory roots of the variety cichorium intybus sativum)"", ""fr""=>""Plants, plantes et racines de chicorée (à l'excl. des racines de chicorée de la variété 'Cichorium intybus sativum')""",6,"2020-08-31 07:24:26.558547","2020-08-31 07:24:26.558547",NULL,0,1
1202,"0130","013010","0602","0602 90 10",2,"""en""=>""Mushroom spawn"", ""fr""=>""Blanc de champignons""",6,"2020-08-31 07:24:26.558547","2020-08-31 07:24:26.558547",NULL,0,1
1214,NULL,NULL,"0603","0603",NULL,"""en""=>""Cut flowers and flower buds of a kind suitable for bouquets or for ornamental purposes, fresh, dried, dyed, bleached, impregnated or otherwise prepared"", ""fr""=>""Fleurs et boutons de fleurs, coupés, pour bouquets ou pour ornements, frais, séchés, blanchis, teints, imprégnés ou autrement préparés""",6,"2020-08-31 07:24:26.558547","2020-08-31 07:24:26.558547",NULL,0,1
1228,"0230","023030","0604","0604 20 19",2,"""en""=>""Mosses and lichens, suitable for bouquets or ornamental purposes, fresh (excl. reindeer moss)"", ""fr""=>""Mousses et lichens, pour bouquets ou pour ornements, frais (à l'excl. des lichens des rennes)""",6,"2020-08-31 07:24:26.558547","2020-08-31 07:24:26.558547",NULL,0,1
1237,NULL,NULL,"0701","0701",NULL,"""en""=>""Potatoes, fresh or chilled"", ""fr""=>""Pommes de terre, à l'état frais ou réfrigéré""",7,"2020-08-31 07:24:26.558547","2020-08-31 07:24:26.558547",NULL,0,1
12209,"0113","011334","0702","0702 00",2,"""en""=>""Tomatoes, fresh or chilled"", ""fr""=>""Tomates, à l'état frais ou réfrigéré""",7,"2020-09-17 09:06:10.164221","2020-09-17 09:06:10.164221",NULL,0,NULL
1244,NULL,NULL,"0703","0703",NULL,"""en""=>""Onions, shallots, garlic, leeks and other alliaceous vegetables, fresh or chilled"", ""fr""=>""Oignons, échalotes, aulx, poireaux et autres légumes alliacés, à l'état frais ou réfrigéré""",7,"2020-08-31 07:24:26.558547","2020-08-31 07:24:26.558547",NULL,0,1
1251,NULL,NULL,"0704","0704",NULL,"""en""=>""Cabbages, cauliflowers, kohlrabi, kale and similar edible brassicas, fresh or chilled"", ""fr""=>""Choux, choux-fleurs, choux frisés, choux-raves et produits comestibles simil. du genre 'Brassica', à l'état frais ou réfrigéré""",7,"2020-08-31 07:24:26.558547","2020-08-31 07:24:26.558547",NULL,0,1
1257,NULL,NULL,"0705","0705",NULL,"""en""=>""Lettuce \""Lactuca sativa\"" and chicory \""Cichorium spp.\"", fresh or chilled"", ""fr""=>""Laitues 'Lactuca sativa' et chicorées 'Cichorium spp.', à l'état frais ou réfrigéré""",7,"2020-08-31 07:24:26.558547","2020-08-31 07:24:26.558547",NULL,0,1
1263,"0113","011341","0706","0706 10 00",2,"""en""=>""Fresh or chilled carrots and turnips"", ""fr""=>""Carottes et navets, à l'état frais ou réfrigéré""",7,"2020-08-31 07:24:26.558547","2020-08-31 07:24:26.558547",NULL,0,1
1269,"0113","011332","0707","0707 00 05",2,"""en""=>""Cucumbers, fresh or chilled"", ""fr""=>""Concombres, à l'état frais ou réfrigéré""",7,"2020-08-31 07:24:26.558547","2020-08-31 07:24:26.558547",NULL,0,1
1271,NULL,NULL,"0708","0708",NULL,"""en""=>""Leguminous vegetables, shelled or unshelled, fresh or chilled"", ""fr""=>""Légumes à cosse, écossés ou non, à l'état frais ou réfrigéré""",7,"2020-08-31 07:24:26.558547","2020-08-31 07:24:26.558547",NULL,0,1
1275,NULL,NULL,"0709","0709",NULL,"""en""=>""Other vegetables, fresh or chilled (excl. potatoes, tomatoes, alliaceous vegetables, edible brassicas, lettuce \""Lactuca sativa\"" and chicory \""Cichorium spp.\"", carrots, turnips, salad beetroot, salsify, celeriac, radishes and similar edible roots, cucumbers and gherkins, and leguminous vegatables)"", ""fr""=>""Légumes, à l'état frais ou réfrigéré (à l'excl. des pommes de terre, des tomates, des légumes alliacés, des choux et produits comestibles simil. du genre 'Brassica', des laitues 'Lactuca sativa', des chicorées 'Cichorium spp.', des carottes, des navets, des betteraves à salade, des salsifis, des céleris-raves, des radis et des racines comestibles simil., des concombres, des cornichons et des légumes à cosse)""",7,"2020-08-31 07:24:26.558547","2020-08-31 07:24:26.558547",NULL,0,1
1316,"1039","103911","0710","0710 80 61",2,"""en""=>""Frozen mushrooms of the genus Agaricus, uncooked or cooked by steaming or by boiling in water"", ""fr""=>""Champignons du genre 'Agaricus', non cuits ou cuits à l'eau ou à la vapeur, congelés""",7,"2020-08-31 07:24:26.558547","2020-08-31 07:24:26.558547",NULL,0,3
1323,NULL,NULL,"0711","0711",NULL,"""en""=>""Vegetables provisionally preserved, e.g. by sulphur dioxide gas, in brine, in sulphur water or in other preservative solutions, but unsuitable in that state for immediate consumption"", ""fr""=>""Légumes conservés provisoirement [p.ex. au moyen de gaz sulfureux ou dans de l'eau salée, soufrée ou additionnée d'autres substances servant à assurer provisoirement leur conservation], mais impropres à l'alimentation en l'état""",7,"2020-08-31 07:24:26.558547","2020-08-31 07:24:26.558547",NULL,0,3
1338,"1039","103913","0712","0712 20 00",2,"""en""=>""Dried onions, whole, cut, sliced, broken or in powder, but not further prepared"", ""fr""=>""Oignons, séchés, même coupés en morceaux ou en tranches ou bien broyés ou pulvérisés, mais non autrement préparés""",7,"2020-08-31 07:24:26.558547","2020-08-31 07:24:26.558547",NULL,0,3
1352,"0111","011175","0713","0713 10 10",2,"""en""=>""Peas, \""Pisum sativum\"", dried and shelled, for sowing"", ""fr""=>""Pois 'Pisum Sativum', secs, écossés, destinés à l'ensemencement""",7,"2020-08-31 07:24:26.558547","2020-08-31 07:24:26.558547",NULL,0,1
1367,NULL,NULL,"0714","0714",NULL,"""en""=>""Roots and tubers of manioc, arrowroot, salep, Jerusalem artichokes, sweet potatoes and similar roots and tubers with high starch or inulin content, fresh, chilled, frozen or dried, whether or not sliced or in the form of pellets; sago pith"", ""fr""=>""Racines de manioc, d'arrow-root ou de salep, topinambours, patates douces et racines et tubercules simil. à haute teneur en fécule ou en inuline, frais, réfrigérés, congelés ou séchés, même débités en morceaux ou agglomérés sous forme de pellets; moelle de sagoutier""",7,"2020-08-31 07:24:26.558547","2020-08-31 07:24:26.558547",NULL,0,1
1378,NULL,NULL,"0801","0801",NULL,"""en""=>""Coconuts, Brazil nuts and cashew nuts, fresh or dried, whether or not shelled or peeled"", ""fr""=>""Noix de coco, noix du Brésil et noix de cajou, fraîches ou sèches, même sans leurs coques ou décortiquées""",8,"2020-08-31 07:24:26.558547","2020-08-31 07:24:26.558547",NULL,0,1
1400,"0125","012534","0802","0802 52 00",2,"""en""=>""Fresh or dried pistachios, shelled"", ""fr""=>""Pistaches, fraîches ou sèches, sans coques""",8,"2020-08-31 07:24:26.558547","2020-08-31 07:24:26.558547",NULL,0,3
1409,NULL,NULL,"0803","0803",NULL,"""en""=>""Bananas, incl. plantains, fresh or dried"", ""fr""=>""Bananes, y.c. les plantains, fraîches ou sèches""",8,"2020-08-31 07:24:26.558547","2020-08-31 07:24:26.558547",NULL,0,1
1416,NULL,NULL,"0804","0804",NULL,"""en""=>""Dates, figs, pineapples, avocados, guavas, mangoes and mangosteens, fresh or dried"", ""fr""=>""Dattes, figues, ananas, avocats, goyaves, mangues et mangoustans, frais ou secs""",8,"2020-08-31 07:24:26.558547","2020-08-31 07:24:26.558547",NULL,0,1
1437,"0123","012312","0805","0805 50 10",2,"""en""=>""Fresh or dried lemons \""Citrus limon, Citrus limonum\"""", ""fr""=>""Citrons 'Citrus limon, Citrus limonum', frais ou secs""",8,"2020-08-31 07:24:26.558547","2020-08-31 07:24:26.558547",NULL,0,1
1442,"0121","012111","0806","0806 10 10",2,"""en""=>""Fresh table grapes"", ""fr""=>""Raisins de table, frais""",8,"2020-08-31 07:24:26.558547","2020-08-31 07:24:26.558547",NULL,0,1
1448,NULL,NULL,"0807","0807",NULL,"""en""=>""Melons, incl. watermelons, and papaws \""papayas\"", fresh"", ""fr""=>""Melons, y.c. les pastèques, et papayes, frais""",8,"2020-08-31 07:24:26.558547","2020-08-31 07:24:26.558547",NULL,0,1
1454,"0124","012410","0808","0808 10 10",2,"""en""=>""Fresh cider apples, in bulk, from 16 September to 15 December"", ""fr""=>""Pommes à cidre, fraîches, présentées en vrac, du 16 septembre au 15 décembre""",8,"2020-08-31 07:24:26.558547","2020-08-31 07:24:26.558547",NULL,0,1
1461,"0124","012423","0809","0809 10 00",2,"""en""=>""Fresh apricots"", ""fr""=>""Abricots, frais""",8,"2020-08-31 07:24:26.558547","2020-08-31 07:24:26.558547",NULL,0,1
1470,NULL,NULL,"0810","0810",NULL,"""en""=>""Fresh strawberries, raspberries, blackberries, back, white or red currants, gooseberries and other edible fruits (excl. nuts, bananas, dates, figs, pineapples, avocados, guavas, mangoes, mangosteens, papaws \""papayas\"", citrus fruit, grapes, melons, apples, pears, quinces, apricots, cherries, peaches, plums and sloes)"", ""fr""=>""Fraises, framboises, mûres, groseilles et autres fruits comestibles (sauf fruits à coque, bananes, dattes, figues, ananas, avocats, goyaves, mangues, mangoustans, papayes, agrumes, raisins, melons, pommes, poires, coings, abricots, cerises, pêches, prunes et prunelles)""",8,"2020-08-31 07:24:26.558547","2020-08-31 07:24:26.558547",NULL,0,1
1496,"1039","103921","0811","0811 20 11",2,"""en""=>""Raspberries, blackberries, mulberries, loganberries, black, white or red currants and gooseberries, uncooked or cooked by steaming or boiling in water, sweetened, with sugar content of > 13%, frozen"", ""fr""=>""Framboises, mûres de ronce ou de mûrier, mûres-framboises et groseilles à grappes ou à maquereau, non cuites ou cuites à l'eau ou à la vapeur, congelées, additionnées de sucre ou d'autres édulcorants, d'une teneur en sucres > 13% en poids""",8,"2020-08-31 07:24:26.558547","2020-08-31 07:24:26.558547",NULL,0,3
1518,"1039","103924","0812","0812 90 30",2,"""en""=>""Pawpaws, provisionally preserved, e.g. by sulphur dioxide gas, in brine, in sulphur water or in other preservative solutions, but unsuitable in that state for immediate consumption"", ""fr""=>""Papayes, conservées provisoirement [p.ex. au moyen de gaz sulfureux ou dans l'eau salée, soufrée ou additionnée d'autres substances servant à assurer provisoirement leur conservation], mais impropres à l'alimentation en l'état""",8,"2020-08-31 07:24:26.558547","2020-08-31 07:24:26.558547",NULL,0,3
1522,NULL,NULL,"0813","0813",NULL,"""en""=>""Dried apricots, prunes, apples, peaches, pears, papaws \""papayas\"", tamarinds and other edible fruits, and mixtures of edible and dried fruits or of edible nuts (excl. nuts, bananas, dates, figs, pineapples, avocados, guavas, mangoes, mangosteens, citrus fruit and grapes, unmixed)"", ""fr""=>""Abricots, pruneaux, pommes, pêches, poires, papayes, tamarins et autres fruits comestibles, séchés et mélanges de fruits comestibles et séchés ou de fruits à coque comestibles (sauf fruits à coque, bananes, dattes, figues, ananas, avocats, goyaves, mangues, mangoustans, agrumes et raisins non-mélangés)""",8,"2020-08-31 07:24:26.558547","2020-08-31 07:24:26.558547",NULL,0,3
12210,"1039","103924","0814","0814 00",2,"""en""=>""Peel of citrus fruit or melons, incl. watermelons, fresh, frozen, dried or provisionally preserved in brine, or in water with other additives"", ""fr""=>""Écorces d'agrumes ou de melons - y.c. de pastèques -, fraîches, congelées, présentées dans l'eau salée, soufrée ou additionnée d'autres substances servant à assurer provisoirement leur conservation ou bien séchées""",8,"2020-09-17 09:06:10.164221","2020-09-17 09:06:10.164221",NULL,0,NULL
1543,"1083","108311","0901","0901 12 00",2,"""en""=>""Decaffeinated coffee (excl. roasted)"", ""fr""=>""Café, non torréfié, décaféiné""",9,"2020-08-31 07:24:26.558547","2020-08-31 07:24:26.558547",NULL,0,3
1549,NULL,NULL,"0902","0902",NULL,"""en""=>""Tea, whether or not flavoured"", ""fr""=>""Thé, même aromatisé""",9,"2020-08-31 07:24:26.558547","2020-08-31 07:24:26.558547",NULL,0,1
12211,"0127","012713","0903","0903 00",2,"""en""=>""Mate"", ""fr""=>""Maté""",9,"2020-09-17 09:06:10.164221","2020-09-17 09:06:10.164221",NULL,0,NULL
1561,"1084","108422","0904","0904 22 00",2,"""en""=>""Fruits of the genus Capsicum or of the genus Pimenta, crushed or ground"", ""fr""=>""Piments du genre Capsicum ou du genre Pimenta, broyés ou pulvérisés""",9,"2020-08-31 07:24:26.558547","2020-08-31 07:24:26.558547",NULL,0,3
1562,NULL,NULL,"0905","0905",NULL,"""en""=>""Vanilla"", ""fr""=>""Vanille""",9,"2020-08-31 07:24:26.558547","2020-08-31 07:24:26.558547",NULL,0,1
1565,NULL,NULL,"0906","0906",NULL,"""en""=>""Cinnamon and cinnamon-tree flowers"", ""fr""=>""Cannelle et fleurs de cannelier""",9,"2020-08-31 07:24:26.558547","2020-08-31 07:24:26.558547",NULL,0,1
1569,NULL,NULL,"0907","0907",NULL,"""en""=>""Cloves, whole fruit, cloves and stems"", ""fr""=>""Girofles [antofles, clous et griffes]""",9,"2020-08-31 07:24:26.558547","2020-08-31 07:24:26.558547",NULL,0,1
1575,"0128","012813","0908","0908 21 00",2,"""en""=>""Mace, neither crushed nor ground"", ""fr""=>""Macis, non broyés ni pulvérisés""",9,"2020-08-31 07:24:26.558547","2020-08-31 07:24:26.558547",NULL,0,1
1582,"0128","012814","0909","0909 31 00",2,"""en""=>""Cumin seeds, neither crushed nor ground"", ""fr""=>""Graines de cumin, non broyées ni pulvérisées""",9,"2020-08-31 07:24:26.558547","2020-08-31 07:24:26.558547",NULL,0,1
1602,"0128","012819","0910","0910 99 50",2,"""en""=>""Bay leaves"", ""fr""=>""Feuilles de laurier""",9,"2020-08-31 07:24:26.558547","2020-08-31 07:24:26.558547",NULL,0,1
1605,NULL,NULL,"1001","1001",NULL,"""en""=>""Wheat and meslin"", ""fr""=>""Froment [blé] et méteil""",10,"2020-08-31 07:24:26.558547","2020-08-31 07:24:26.558547",NULL,0,1
1613,NULL,NULL,"1002","1002",NULL,"""en""=>""Rye"", ""fr""=>""Seigle""",10,"2020-08-31 07:24:26.558547","2020-08-31 07:24:26.558547",NULL,0,1
1616,NULL,NULL,"1003","1003",NULL,"""en""=>""Barley"", ""fr""=>""Orge""",10,"2020-08-31 07:24:26.558547","2020-08-31 07:24:26.558547",NULL,0,1
1619,NULL,NULL,"1004","1004",NULL,"""en""=>""Oats"", ""fr""=>""Avoine""",10,"2020-08-31 07:24:26.558547","2020-08-31 07:24:26.558547",NULL,0,1
1624,"0111","011120","1005","1005 10 13",2,"""en""=>""Three-cross hybrid maize seed for sowing"", ""fr""=>""Maïs de semence, hybride trois voies""",10,"2020-08-31 07:24:26.558547","2020-08-31 07:24:26.558547",NULL,0,1
1629,NULL,NULL,"1006","1006",NULL,"""en""=>""Rice"", ""fr""=>""Riz""",10,"2020-08-31 07:24:26.558547","2020-08-31 07:24:26.558547",NULL,0,3
1665,"0111","011141","1007","1007 10 10",2,"""en""=>""Hybrid grain sorghum, for sowing"", ""fr""=>""Sorgho à grains, hybride, destiné à l’ensemencement""",10,"2020-08-31 07:24:26.558547","2020-08-31 07:24:26.558547",NULL,0,1
1669,"0111","011149","1008","1008 10 00",2,"""en""=>""Buckwheat"", ""fr""=>""Sarrasin""",10,"2020-08-31 07:24:26.558547","2020-08-31 07:24:26.558547",NULL,0,1
1678,"1061","106121","1101","1101 00 11",2,"""en""=>""Durum wheat flour"", ""fr""=>""Farines de froment [blé] dur""",11,"2020-08-31 07:24:26.558547","2020-08-31 07:24:26.558547",NULL,0,3
1681,NULL,NULL,"1102","1102",NULL,"""en""=>""Cereal flours (excl. wheat or meslin)"", ""fr""=>""Farines de céréales (autres que de froment [blé] ou de méteil)""",11,"2020-08-31 07:24:26.558547","2020-08-31 07:24:26.558547",NULL,0,3
1701,"1061","106132","1103","1103 19 50",2,"""en""=>""Rice groats and meal"", ""fr""=>""Gruaux et semoules de riz""",11,"2020-08-31 07:24:26.558547","2020-08-31 07:24:26.558547",NULL,0,3
1716,"1061","106133","1104","1104 19 30",2,"""en""=>""Rolled or flaked rye grains"", ""fr""=>""Grains de seigle, aplatis ou en flocons""",11,"2020-08-31 07:24:26.558547","2020-08-31 07:24:26.558547",NULL,0,3
1744,NULL,NULL,"1105","1105",NULL,"""en""=>""Flour, meal, powder, flakes, granules and pellets of potatoes"", ""fr""=>""Farine, semoule, poudre, flocons, granulés et agglomérés sous forme de pellets, de pommes de terre""",11,"2020-08-31 07:24:26.558547","2020-08-31 07:24:26.558547",NULL,0,3
1747,NULL,NULL,"1106","1106",NULL,"""en""=>""Flour, meal and powder of peas, beans, lentils and other dried leguminous vegetables of heading 0713, of sago and manioc, arrowroot and salep, Jerusalem artichoke, sweet potatoes and similar roots and tubers with high starch or inulin content of heading 0714, produce of chapter 8 \""Edible fruit and nuts; peel of citrus fruits or melons\"""", ""fr""=>""Farines, semoules et poudres de pois, haricots, lentilles et autres légumes à cosse secs du n° 0713, de sagou, de racines de manioc, d'arrow-root et de salep, de topinambour, de patates douces et autres racines et tubercules simil. à haute teneur en fécule ou en inuline du n° 0714, ainsi que des produits du chapitre 8 'Fruits comestibles, écorces d'agrumes ou de melons'""",11,"2020-08-31 07:24:26.558547","2020-08-31 07:24:26.558547",NULL,0,3
1757,"1106","110610","1107","1107 10 11",2,"""en""=>""Wheat malt in flour form (excl. roasted)"", ""fr""=>""Malt de froment [blé], non torréfié, présenté sous forme de farine""",11,"2020-08-31 07:24:26.558547","2020-08-31 07:24:26.558547",NULL,0,3
1762,NULL,NULL,"1108","1108",NULL,"""en""=>""Starches; inulin"", ""fr""=>""Amidons et fécules; inuline""",11,"2020-08-31 07:24:26.558547","2020-08-31 07:24:26.558547",NULL,0,3
12212,"1062","106211","1109","1109 00",2,"""en""=>""Wheat gluten, whether or not dried"", ""fr""=>""Gluten de froment [blé], même à l'état sec""",11,"2020-09-17 09:06:10.164221","2020-09-17 09:06:10.164221",NULL,0,NULL
1772,NULL,NULL,"1201","1201",NULL,"""en""=>""Soya beans, whether or not broken"", ""fr""=>""Fèves de soja, même concassées""",12,"2020-08-31 07:24:26.558547","2020-08-31 07:24:26.558547",NULL,0,1
1775,NULL,NULL,"1202","1202",NULL,"""en""=>""Groundnuts, whether or not shelled or broken (excl. roasted or otherwise cooked)"", ""fr""=>""Arachides, non-grillées ni autrement cuites, même décortiquées ou concassées""",12,"2020-08-31 07:24:26.558547","2020-08-31 07:24:26.558547",NULL,0,1
12213,"0126","012690","1203","1203 00",2,"""en""=>""Copra"", ""fr""=>""Coprah""",12,"2020-09-17 09:06:10.164221","2020-09-17 09:06:10.164221",NULL,0,NULL
1781,"0111","011191","1204","1204 00 10",2,"""en""=>""Linseed for sowing"", ""fr""=>""Graines de lin, destinées à l'ensemencement""",12,"2020-08-31 07:24:26.558547","2020-08-31 07:24:26.558547",NULL,0,1
1783,NULL,NULL,"1205","1205",NULL,"""en""=>""Rape or colza seeds, whether or not broken"", ""fr""=>""Graines de navette ou de colza, même concassées""",12,"2020-08-31 07:24:26.558547","2020-08-31 07:24:26.558547",NULL,0,1
1789,"0111","011195","1206","1206 00 10",2,"""en""=>""Sunflower seeds for sowing"", ""fr""=>""Graines de tournesol, destinées à l'ensemencement""",12,"2020-08-31 07:24:26.558547","2020-08-31 07:24:26.558547",NULL,0,1
1801,"0111","011192","1207","1207 50 10",2,"""en""=>""Mustard seeds for sowing"", ""fr""=>""Graines de moutarde, destinées à l'ensemencement""",12,"2020-08-31 07:24:26.558547","2020-08-31 07:24:26.558547",NULL,0,1
1812,NULL,NULL,"1208","1208",NULL,"""en""=>""Flours and meals of oil seeds or oleaginous fruits (excl. mustard)"", ""fr""=>""Farines de graines ou de fruits oléagineux (à l'excl. de la farine de moutarde)""",12,"2020-08-31 07:24:26.558547","2020-08-31 07:24:26.558547",NULL,0,3
1815,NULL,NULL,"1209","1209",NULL,"""en""=>""Seeds, fruits and spores, for sowing (excl. leguminous vegetables and sweetcorn, coffee, tea, maté and spices, cereals, oil seeds and oleaginous fruits, and seeds and fruit used primarily in perfumery, medicaments or for insecticidal, fungicidal or similar purposes)"", ""fr""=>""Graines, fruits et spores à ensemencer (à l'excl. des légumes à cosse, du maïs doux, du café, du thé, du maté, des épices, des céréales, des graines et fruits oléagineux ainsi que des graines et fruits des espèces utilisées principalement en parfumerie, en médecine ou à usages insecticides, parasiticides ou simil.)""",12,"2020-08-31 07:24:26.558547","2020-08-31 07:24:26.558547",NULL,0,1
1842,NULL,NULL,"1210","1210",NULL,"""en""=>""Hop cones, fresh or dried, whether or not ground, powdered or in the form of pellets; lupulin"", ""fr""=>""Cônes de houblon frais ou secs, même broyés, moulus ou sous forme de pellets; lupuline""",12,"2020-08-31 07:24:26.558547","2020-08-31 07:24:26.558547",NULL,0,1
1847,NULL,NULL,"1211","1211",NULL,"""en""=>""Plants and parts of plants, incl. seeds and fruits, of a kind used primarily in perfumery, in pharmacy or for insecticidal, fungicidal or similar purposes, fresh, chilled, frozen or dried, whether or not cut, crushed or powdered"", ""fr""=>""Plantes, parties de plantes, graines et fruits des espèces utilisées principalement en parfumerie, en médecine ou à usages insecticides, parasiticides ou simil., frais, réfrigérés, congelés ou séchés, même coupés, concassés ou pulvérisés""",12,"2020-08-31 07:24:26.558547","2020-08-31 07:24:26.558547",NULL,0,1
1855,NULL,NULL,"1212","1212",NULL,"""en""=>""Locust beans, seaweeds and other algae, sugar beet and sugar cane, fresh, chilled, frozen or dried, whether or not ground; fruit stones and kernels and other vegetable products, incl. unroasted chicory roots of the variety Cichorium intybus sativum, of a kind used primarily for human consumption, n.e.s."", ""fr""=>""Caroubes, algues, betteraves sucrières et cannes à sucre, fraîches, réfrigérées, congelées ou séchées, même pulvérisées; noyaux et amandes de fruits et autres produits végétaux, y.c. les racines non-torréfiées de chicorée de la variété 'Cichorium intybus sativum', servant principalement à l'alimentation humaine, n.d.a.""",12,"2020-08-31 07:24:26.558547","2020-08-31 07:24:26.558547",NULL,0,1
12214,"0111","011150","1213","1213 00",2,"""en""=>""Cereal straw and husks, unprepared, whether or not chopped, ground, pressed or in the form of pellets"", ""fr""=>""Pailles et balles de céréales brutes, même hachées, moulues, pressées ou agglomérées sous forme de pellets""",12,"2020-09-17 09:06:10.164221","2020-09-17 09:06:10.164221",NULL,0,NULL
1869,NULL,NULL,"1214","1214",NULL,"""en""=>""Swedes, mangolds, fodder roots, hay, alfalfa, clover, sainfoin, forage kale, lupines, vetches and similar forage products, whether or not in the form of pellets"", ""fr""=>""Rutabagas, betteraves fourragères, racines fourragères, foin, luzerne, trèfle, sainfoin, choux fourragers, lupin, vesces et produits fourragers simil., même agglomérés sous forme de pellets""",12,"2020-08-31 07:24:26.558547","2020-08-31 07:24:26.558547",NULL,0,1
1874,NULL,NULL,"1301","1301",NULL,"""en""=>""Lac; natural gums, resins, gum-resins, balsams and other natural oleoresins"", ""fr""=>""Gomme laque; gommes, résines, gommes-résines, baumes et autres oléorésines, naturelles""",13,"2020-08-31 07:24:26.558547","2020-08-31 07:24:26.558547",NULL,0,1
1877,NULL,NULL,"1302","1302",NULL,"""en""=>""Vegetable saps and extracts; pectic substances, pectinates and pectates; agar-agar and other mucilages and thickeners derived from vegetable products, whether or not modified,"", ""fr""=>""Sucs et extraits végétaux; matières pectiques, pectinates et pectates; agar-agar et autres mucilages et épaississants dérivés des végétaux, même modifiés""",13,"2020-08-31 07:24:26.558547","2020-08-31 07:24:26.558547",NULL,0,3
1893,NULL,NULL,"1401","1401",NULL,"""en""=>""Vegetable materials of a kind used primarily for plaiting, e.g. bamboos, rattans, reeds, rushes, osier, raffia, cleaned, bleached or dyed cereal straw, and lime bark"", ""fr""=>""Bambous, rotins, roseaux, joncs, osiers, raphia, pailles de céréales nettoyées, blanchies ou teintes, écorces de tilleul et autres matières végétales des espèces principalement utilisées en vannerie ou en sparterie""",14,"2020-08-31 07:24:26.558547","2020-08-31 07:24:26.558547",NULL,0,1
1897,NULL,NULL,"1404","1404",NULL,"""en""=>""Vegetable products, n.e.s."", ""fr""=>""Produits végétaux, n.d.a.""",14,"2020-08-31 07:24:26.558547","2020-08-31 07:24:26.558547",NULL,0,1
1900,NULL,NULL,"1501","1501",NULL,"""en""=>""Pig fat, incl. lard, and poultry fat, rendered or otherwise extracted (excl. lard stearin and lard oil)"", ""fr""=>""Graisses de porc, y.c. le saindoux, et graisses de volailles, fondues ou autrement extraites (à l'excl. de la stéarine solaire et l'huile de saindoux)""",15,"2020-08-31 07:24:26.558547","2020-08-31 07:24:26.558547",NULL,0,3
1908,NULL,NULL,"1502","1502",NULL,"""en""=>""Fats of bovine animals, sheep or goats (excl. oil and oleostearin)"", ""fr""=>""Graisses des animaux des espèces bovine, ovine ou caprine (autres que l'huile et l'oléostarine)""",15,"2020-08-31 07:24:26.558547","2020-08-31 07:24:26.558547",NULL,0,3
1916,"1041","104111","1503","1503 00 11",3,"""en""=>""Lard stearin and oleostearin for industrial uses (excl. emulsified, mixed or otherwise prepared)"", ""fr""=>""Stéarine solaire et oléostéarine, non émulsionnées, ni mélangées ni autrement préparées, destinées à des usages industriels""",15,"2020-08-31 07:24:26.558547","2020-08-31 07:24:26.558547",NULL,0,3
1920,NULL,NULL,"1504","1504",NULL,"""en""=>""Fats and oils and their fractions of fish or marine mammals, whether or not refined (excl. chemically modified)"", ""fr""=>""Graisses et huiles et leurs fractions, de poissons ou de mammifères marins, même raffinées, mais non chimiquement modifiées""",15,"2020-08-31 07:24:26.558547","2020-08-31 07:24:26.558547",NULL,0,3
1932,"1310","131010","1505","1505 00 10",3,"""en""=>""Crude wool grease"", ""fr""=>""Graisse de suint brute [suintine]""",15,"2020-08-31 07:24:26.558547","2020-08-31 07:24:26.558547",NULL,0,4
12215,"1041","104119","1506","1506 00",3,"""en""=>""Other animal fats and oils and their fractions, whether or not refined, but not chemically modified (excl. pig fat, poultry fat, fats of bovine animals, sheep and goats, fats of fish and other marine animals, lard stearin, lard oil, oloestearin, oleo-oil, tallow oil, wool grease and fatty substances derived therefrom)"", ""fr""=>""Graisses et huiles animales et leurs fractions, même raffinées, mais non chimiquement modifiées (à l'excl. des graisses et huiles de porcins, de volailles, de bovins, d'ovins, de caprins, de poissons et de mammifères marins ainsi que de la stéarine solaire, de l'huile de saindoux, de l'oléostéarine, de l'oléomargarine, de l'huile de suif, de la graisse de suint et des substances grasses dérivées)""",15,"2020-09-17 09:06:10.164221","2020-09-17 09:06:10.164221",NULL,0,NULL
1935,NULL,NULL,"1507","1507",NULL,"""en""=>""Soya-bean oil and its fractions, whether or not refined (excl. chemically modified)"", ""fr""=>""Huile de soja et ses fractions, même raffinées, mais non chimiquement modifiées""",15,"2020-08-31 07:24:26.558547","2020-08-31 07:24:26.558547",NULL,0,3
1942,NULL,NULL,"1508","1508",NULL,"""en""=>""Groundnut oil and its fractions, whether or not refined, but not chemically modified"", ""fr""=>""Huile d'arachide et ses fractions, même raffinées, mais non chimiquement modifiées""",15,"2020-08-31 07:24:26.558547","2020-08-31 07:24:26.558547",NULL,0,3
1949,NULL,NULL,"1509","1509",NULL,"""en""=>""Olive oil and its fractions obtained from the fruit of the olive tree solely by mechanical or other physical means under conditions that do not lead to deterioration of the oil, whether or not refined, but not chemically modified"", ""fr""=>""Huile d'olive et ses fractions - obtenues, à partir des fruits de l'olivier, uniquement par des procédés mécaniques ou physiques, dans des conditions n'altérant pas l'huile -, même raffinées, mais non chimiquement modifiées""",15,"2020-08-31 07:24:26.558547","2020-08-31 07:24:26.558547",NULL,0,3
1956,"1041","104123","1510","1510 00 10",3,"""en""=>""Crude olive oils and blends, incl. blends with those of heading 1509"", ""fr""=>""Huiles brutes, obtenues exclusivement à partir d'olives et par des procédés autres que ceux mentionnés au n° 1509, et mélanges de ces huiles avec des huiles du n° 1509""",15,"2020-08-31 07:24:26.558547","2020-08-31 07:24:26.558547",NULL,0,3
1958,NULL,NULL,"1511","1511",NULL,"""en""=>""Palm oil and its fractions, whether or not refined (excl. chemically modified)"", ""fr""=>""Huile de palme et ses fractions, même raffinées, mais non chimiquement modifiées""",15,"2020-08-31 07:24:26.558547","2020-08-31 07:24:26.558547",NULL,0,3
1967,NULL,NULL,"1512","1512",NULL,"""en""=>""Sunflower-seed, safflower or cotton-seed oil and fractions thereof, whether or not refined, but not chemically modified"", ""fr""=>""Huiles de tournesol, de carthame ou de coton et leurs fractions, même raffinées, mais non chimiquement modifiées""",15,"2020-08-31 07:24:26.558547","2020-08-31 07:24:26.558547",NULL,0,3
1981,NULL,NULL,"1513","1513",NULL,"""en""=>""Coconut \""copra\"", palm kernel or babassu oil and fractions thereof, whether or not refined, but not chemically modified"", ""fr""=>""Huiles de coco [coprah], de palmiste ou de babassu et leurs fractions, même raffinées, mais non chimiquement modifiées""",15,"2020-08-31 07:24:26.558547","2020-08-31 07:24:26.558547",NULL,0,3
2002,NULL,NULL,"1514","1514",NULL,"""en""=>""Rape, colza or mustard oil and fractions thereof, whether or not refined, but not chemically modified"", ""fr""=>""Huiles de navette, de colza ou de moutarde et leurs fractions, même raffinées, mais non chimiquement modifiées""",15,"2020-08-31 07:24:26.558547","2020-08-31 07:24:26.558547",NULL,0,3
2031,"1041","104129","1515","1515 50 19",3,"""en""=>""Crude sesame oil (excl. for technical or industrial uses)"", ""fr""=>""Huile de sésame, brute (à l'excl. de l'huile destinée à des usages techniques ou industriels)""",15,"2020-08-31 07:24:26.558547","2020-08-31 07:24:26.558547",NULL,0,3
2046,NULL,NULL,"1516","1516",NULL,"""en""=>""Animal or vegetable fats and oils and their fractions, partly or wholly hydrogenated, inter-esterified, re-esterified or elaidinised, whether or not refined, but not further prepared"", ""fr""=>""Graisses et huiles animales ou végétales et leurs fractions, partiellement ou totalement hydrogénées, interestérifiées, réestérifiées ou élaïdinisées, même raffinées, mais non autrement préparées""",15,"2020-08-31 07:24:26.558547","2020-08-31 07:24:26.558547",NULL,0,3
2058,"1042","104210","1517","1517 10 10",3,"""en""=>""Margarine containing > 10% but <= 15% milkfats (excl. liquid)"", ""fr""=>""Margarine d'une teneur en poids de matières grasses provenant du lait > 10% mais <= 15% (à l'excl. de la margarine liquide)""",15,"2020-08-31 07:24:26.558547","2020-08-31 07:24:26.558547",NULL,0,3
2066,"2059","205920","1518","1518 00 10",3,"""en""=>""Linoxyn"", ""fr""=>""Linoxyne""",15,"2020-08-31 07:24:26.558547","2020-08-31 07:24:26.558547",NULL,0,7
12216,"2041","204110","1520","1520 00",3,"""en""=>""Glycerol, crude; glycerol waters and glycerol lyes"", ""fr""=>""Glycérol brut; eaux et lessives glycérineuses""",15,"2020-09-17 09:06:10.164221","2020-09-17 09:06:10.164221",NULL,0,NULL
2074,NULL,NULL,"1521","1521",NULL,"""en""=>""Vegetable waxes, beeswax, other insect waxes and spermaceti, whether or not refined or coloured (excl. triglycerides)"", ""fr""=>""Cires végétales (autres que les triglycérides), cires d'abeilles ou d'autres insectes et spermaceti, même raffinés ou colorés""",15,"2020-08-31 07:24:26.558547","2020-08-31 07:24:26.558547",NULL,0,1
2081,"1041","104172","1522","1522 00 10",3,"""en""=>""Degras"", ""fr""=>""Dégras""",15,"2020-08-31 07:24:26.558547","2020-08-31 07:24:26.558547",NULL,0,3
2087,"1013","101314","1601","1601 00 10",4,"""en""=>""Liver sausages and similar products and food preparations based thereon"", ""fr""=>""Saucisses, saucissons et produits simil., de foie; préparations alimentaires à base de ces produits""",16,"2020-08-31 07:24:26.558547","2020-08-31 07:24:26.558547",NULL,0,3
2090,NULL,NULL,"1602","1602",NULL,"""en""=>""Prepared or preserved meat, offal or blood (excl. sausages and similar products, and meat extracts and juices)"", ""fr""=>""Préparations et conserves de viande, d'abats ou de sang (à l'excl. des saucisses, saucissons et produits simil. ainsi que des extraits et jus de viande)""",16,"2020-08-31 07:24:26.558547","2020-08-31 07:24:26.558547",NULL,0,3
2136,"1089","108914","1603","1603 00 10",4,"""en""=>""Extracts and juices of meat, fish, crustaceans, molluscs and other aquatic invertebrates, in immediate packings of <= 1 kg"", ""fr""=>""Extraits et jus de viande, de poissons ou de crustacés, de mollusques ou d'autres invertébrés aquatiques, en emballages immédiats d'un contenu net <= 1 kg""",16,"2020-08-31 07:24:26.558547","2020-08-31 07:24:26.558547",NULL,0,3
2185,"1020","102026","1604","1604 31 00",4,"""en""=>""Caviar"", ""fr""=>""Caviar [œufs d’esturgeon]""",16,"2020-08-31 07:24:26.558547","2020-08-31 07:24:26.558547",NULL,0,3
2187,NULL,NULL,"1605","1605",NULL,"""en""=>""Crustaceans, molluscs and other aquatic invertebrates, prepared or preserved (excl. smoked)"", ""fr""=>""Crustacés, mollusques et autres invertébrés aquatiques, préparés ou conservés (non fumés)""",16,"2020-08-31 07:24:26.558547","2020-08-31 07:24:26.558547",NULL,0,3
2212,NULL,NULL,"1701","1701",NULL,"""en""=>""Cane or beet sugar and chemically pure sucrose, in solid form"", ""fr""=>""Sucres de canne ou de betterave et saccharose chimiquement pur, à l'état solide""",17,"2020-08-31 07:24:26.558547","2020-08-31 07:24:26.558547",NULL,0,3
2230,"1081","108113","1702","1702 20 10",4,"""en""=>""Maple sugar, in solid form, flavoured or coloured"", ""fr""=>""Sucre d'érable, à l'état solide, additionné d'aromatisants ou de colorants""",17,"2020-08-31 07:24:26.558547","2020-08-31 07:24:26.558547",NULL,0,3
2253,NULL,NULL,"1703","1703",NULL,"""en""=>""Molasses resulting from the extraction or refining of sugar"", ""fr""=>""Mélasses résultant de l'extraction ou du raffinage du sucre""",17,"2020-08-31 07:24:26.558547","2020-08-31 07:24:26.558547",NULL,0,3
2268,"1082","108223","1704","1704 90 75",4,"""en""=>""Toffees, caramels and similar sweets"", ""fr""=>""Caramels""",17,"2020-08-31 07:24:26.558547","2020-08-31 07:24:26.558547",NULL,0,3
12219,"0127","012714","1801","1801 00",4,"""en""=>""Cocoa beans, whole or broken, raw or roasted"", ""fr""=>""Cacao en fèves et brisures de fèves, bruts ou torréfiés""",18,"2020-09-17 09:06:10.164221","2020-09-17 09:06:10.164221",NULL,0,NULL
12220,"1082","108230","1802","1802 00",4,"""en""=>""Cocoa shells, husks, skins and other cocoa waste"", ""fr""=>""Coques, pellicules [pelures] et autres déchets de cacao""",18,"2020-09-17 09:06:10.164221","2020-09-17 09:06:10.164221",NULL,0,NULL
2273,NULL,NULL,"1803","1803",NULL,"""en""=>""Cocoa paste, whether or not defatted"", ""fr""=>""Pâte de cacao, même dégraissée""",18,"2020-08-31 07:24:26.558547","2020-08-31 07:24:26.558547",NULL,0,3
12221,"1082","108212","1804","1804 00",4,"""en""=>""Cocoa butter, fat and oil"", ""fr""=>""Beurre, graisse et huile de cacao""",18,"2020-09-17 09:06:10.164221","2020-09-17 09:06:10.164221",NULL,0,NULL
12222,"1082","108213","1805","1805 00",4,"""en""=>""Cocoa powder, not containing added sugar or other sweetening matter"", ""fr""=>""Poudre de cacao, sans addition de sucre ou d'autres édulcorants""",18,"2020-09-17 09:06:10.164221","2020-09-17 09:06:10.164221",NULL,0,NULL
2278,NULL,NULL,"1806","1806",NULL,"""en""=>""Chocolate and other food preparations containing cocoa"", ""fr""=>""Chocolat et autres préparations alimentaires contenant du cacao""",18,"2020-08-31 07:24:26.558547","2020-08-31 07:24:26.558547",NULL,0,3
2304,NULL,NULL,"1901","1901",NULL,"""en""=>""Malt extract; food preparations of flour, groats, meal, starch or malt extract, not containing cocoa or containing < 40% by weight of cocoa calculated on a totally defatted basis, n.e.s.; food preparations of milk, cream, butter milk, sour milk, sour cream, whey, yogurt, kephir, and similar goods of heading 0401 to 0404, not containing cocoa or containing < 5% by weight of cocoa calculated on a totally defatted basis, n.e.s."", ""fr""=>""Extraits de malt; préparations alimentaires de farines, gruaux, semoules, amidons, fécules ou extraits de malt, ne contenant pas de cacao ou contenant < 40% en poids de cacao calculés sur une base entièrement dégraissée, n.d.a.; préparations alimentaires à base de lait, de crème de lait, de babeurre, de lait caillé, de crème caillée, de lactosérum, de yoghourt, de képhir et autres produits simil. du n° 0401 à 0404, ne contenant pas de cacao ou contenant < 5% en poids de cacao calculés sur une base entièrement dégraissée, n.d.a.""",19,"2020-08-31 07:24:26.558547","2020-08-31 07:24:26.558547",NULL,0,3
2324,"1085","108514","1902","1902 30 10",4,"""en""=>""Dried, prepared pasta (excl. stuffed)"", ""fr""=>""Pâtes alimentaires, séchées (à l'excl. des pâtes alimentaires farcies)""",19,"2020-08-31 07:24:26.558547","2020-08-31 07:24:26.558547",NULL,0,3
12223,"1062","106212","1903","1903 00",4,"""en""=>""Tapioca and substitutes therefor prepared from starch, in the form of flakes, grains, pearls, siftings or similar forms"", ""fr""=>""Tapioca et ses succédanés préparés à partir de fécules, sous forme de flocons, grumeaux, grains perlés, criblures ou formes simil.""",19,"2020-09-17 09:06:10.164221","2020-09-17 09:06:10.164221",NULL,0,NULL
2330,NULL,NULL,"1904","1904",NULL,"""en""=>""Prepared foods obtained by the swelling or roasting of cereals or cereal products, e.g. corn flakes; cereals (other than maize \""corn\"") in grain form or in the form of flakes or other worked grains (except flour, groats and meal), pre-cooked or otherwise prepared, n.e.s."", ""fr""=>""Produits à base de céréales obtenus par soufflage ou grillage [corn flakes, p.ex.]; céréales (autres que le maïs) en grains ou sous forme de flocons ou de grains autrement travaillés (à l'excl. de la farine, du gruau et de la semoule), précuites ou autrement préparées, n.d.a.""",19,"2020-08-31 07:24:26.558547","2020-08-31 07:24:26.558547",NULL,0,3
2344,NULL,NULL,"1905","1905",NULL,"""en""=>""Bread, pastry, cakes, biscuits and other bakers' wares, whether or not containing cocoa; communion wafers, empty cachets of a kind suitable for pharmaceutical use, sealing wafers, rice paper and similar products"", ""fr""=>""Produits de la boulangerie, de la pâtisserie ou de la biscuiterie, même additionnés de cacao; hosties, cachets vides des types utilisés pour médicaments, pains à cacheter, pâtes séchées de farine, d'amidon ou de fécule en feuilles et produits simil.""",19,"2020-08-31 07:24:26.558547","2020-08-31 07:24:26.558547",NULL,0,3
2373,NULL,NULL,"2001","2001",NULL,"""en""=>""Vegetables, fruit, nuts and other edible parts of plants, prepared or preserved by vinegar or acetic acid"", ""fr""=>""Légumes, fruits et autres parties comestibles de plantes, préparés ou conservés au vinaigre ou à l'acide acétique""",20,"2020-08-31 07:24:26.558547","2020-08-31 07:24:26.558547",NULL,0,3
2385,NULL,NULL,"2002","2002",NULL,"""en""=>""Tomatoes, prepared or preserved otherwise than by vinegar or acetic acid"", ""fr""=>""Tomates, préparées ou conservées autrement qu'au vinaigre ou à l'acide acétique""",20,"2020-08-31 07:24:26.558547","2020-08-31 07:24:26.558547",NULL,0,3
2396,NULL,NULL,"2003","2003",NULL,"""en""=>""Mushrooms and truffles, prepared or preserved otherwise than by vinegar or acetic acid"", ""fr""=>""Champignons et truffes, préparés ou conservés autrement qu'au vinaigre ou à l'acide acétique""",20,"2020-08-31 07:24:26.558547","2020-08-31 07:24:26.558547",NULL,0,3
2412,"1039","103917","2004","2004 90 91",4,"""en""=>""Frozen cooked onions"", ""fr""=>""Oignons, simpl. cuits, congelés""",20,"2020-08-31 07:24:26.558547","2020-08-31 07:24:26.558547",NULL,0,3
2414,NULL,NULL,"2005","2005",NULL,"""en""=>""Other vegetables prepared or preserved otherwise than by vinegar or acetic acid, not frozen (excl. preserved by sugar, and tomatoes, mushrooms and truffles)"", ""fr""=>""Légumes, préparés ou conservés autrement qu'au vinaigre ou à l'acide acétique, non-congelés (à l'excl. confits au sucre ainsi que des tomates, des champignons et des truffes)""",20,"2020-08-31 07:24:26.558547","2020-08-31 07:24:26.558547",NULL,0,3
2435,"1082","108224","2006","2006 00 10",4,"""en""=>""Ginger, preserved by sugar, drained, glacé or crystallised"", ""fr""=>""Gingembre, confit au sucre [égoutté, glacé ou cristallisé]""",20,"2020-08-31 07:24:26.558547","2020-08-31 07:24:26.558547",NULL,0,3
2441,NULL,NULL,"2007","2007",NULL,"""en""=>""Jams, fruit jellies, marmalades, fruit or nut purée and fruit or nut pastes, obtained by cooking, whether or not containing added sugar or other sweetening matter"", ""fr""=>""Confitures, gelées, marmelades, purées et pâtes de fruits, obtenues par cuisson, avec ou sans addition de sucre ou d'autres édulcorants""",20,"2020-08-31 07:24:26.558547","2020-08-31 07:24:26.558547",NULL,0,3
2462,"1039","103923","2008","2008 11 10",4,"""en""=>""Peanut butter"", ""fr""=>""Beurre d'arachide""",20,"2020-08-31 07:24:26.558547","2020-08-31 07:24:26.558547",NULL,0,3
2609,NULL,NULL,"2009","2009",NULL,"""en""=>""Fruit juices, incl. grape must, and vegetable juices, unfermented, not containing added spirit, whether or not containing added sugar or other sweetening matter"", ""fr""=>""Jus de fruits - y.c. les moûts de raisins - ou de légumes, non-fermentés, sans addition d'alcool, avec ou sans addition de sucre ou d'autres édulcorants""",20,"2020-08-31 07:24:26.558547","2020-08-31 07:24:26.558547",NULL,0,3
2738,"1083","108312","2101","2101 30 19",4,"""en""=>""Roasted coffee substitutes (excl. chicory)"", ""fr""=>""Succédanés torréfiés du café (à l'excl. de la chicorée)""",21,"2020-08-31 07:24:26.558547","2020-08-31 07:24:26.558547",NULL,0,3
2741,NULL,NULL,"2102","2102",NULL,"""en""=>""Yeasts, active or inactive; other dead single-cell micro-organisms, prepared baking powders (excl. single-cell micro-organisms packaged as medicaments)"", ""fr""=>""Levures, vivantes ou mortes; autres micro-organismes monocellulaires morts (à l'excl. des micro-organismes monocellulaires conditionnés comme médicaments); poudres à lever préparées""",21,"2020-08-31 07:24:26.558547","2020-08-31 07:24:26.558547",NULL,0,3
2752,NULL,NULL,"2103","2103",NULL,"""en""=>""Sauce and preparations therefor; mixed condiments and mixed seasonings; mustard flour and meal, whether or not prepared, and mustard"", ""fr""=>""Préparations pour sauces et sauces préparées; condiments et assaisonnements, composés; farine de moutarde et moutarde préparée""",21,"2020-08-31 07:24:26.558547","2020-08-31 07:24:26.558547",NULL,0,3
2763,"1089","108911","2104","2104 10 00",4,"""en""=>""Soups and broths and preparations therefor"", ""fr""=>""Préparations pour soupes, potages ou bouillons; soupes, potages ou bouillons préparés""",21,"2020-08-31 07:24:26.558547","2020-08-31 07:24:26.558547",NULL,0,3
2766,"1052","105210","2105","2105 00 10",4,"""en""=>""Ice cream and other edible ice, whether or not containing cocoa, not containing milkfats or containing < 3% milkfats"", ""fr""=>""Glaces de consommation, même contenant du cacao, ne contenant pas ou contenant en poids < 3% de matières grasses provenant du lait""",21,"2020-08-31 07:24:26.558547","2020-08-31 07:24:26.558547",NULL,0,3
2769,NULL,NULL,"2106","2106",NULL,"""en""=>""Food preparations, n.e.s."", ""fr""=>""Préparations alimentaires, n.d.a.""",21,"2020-08-31 07:24:26.558547","2020-08-31 07:24:26.558547",NULL,0,3
2781,NULL,NULL,"2201","2201",NULL,"""en""=>""Waters, incl. natural or artificial mineral waters and aerated waters, not containing added sugar, other sweetening matter or flavoured; ice and snow"", ""fr""=>""Eaux, y.c. les eaux minérales naturelles ou artificielles et les eaux gazéifiées, non additionnées de sucre ou d'autres édulcorants ni aromatisées; glace et neige""",22,"2020-08-31 07:24:26.558547","2020-08-31 07:24:26.558547",NULL,0,3
2788,"1107","110719","2202","2202 10 00",4,"""en""=>""Waters, incl. mineral and aerated, with added sugar, sweetener or flavour, for direct consumption as a beverage"", ""fr""=>""Eaux, y.c. les eaux minérales et les eaux gazéifiées, additionnées de sucre ou d'autres édulcorants ou aromatisées, directement consommables en l'état en tant que boissons""",22,"2020-08-31 07:24:26.558547","2020-08-31 07:24:26.558547",NULL,0,3
12577,NULL,NULL,"2203","2203",NULL,"""en""=>""Beer made from malt"", ""fr""=>""Bières de malt""",22,"2020-09-17 09:06:10.164221","2020-09-17 09:06:10.164221",NULL,0,3
2924,"1102","110212","2204","2204 29 96",4,"""en""=>""Varietal wines without PDO and PGI, not produced in EU, in containers holding > 10 l (other than sparkling wine, semi-sparkling wine and white wine)"", ""fr""=>""Vins de cépages, sans AOP ni IGP, non produits dans l’UE, en récipients d’une contenance > 10 l (à l’exclusion des vins mousseux, des vins pétillants et des vins blancs)""",22,"2020-08-31 07:24:26.558547","2020-08-31 07:24:26.558547",NULL,0,3
2933,NULL,NULL,"2205","2205",NULL,"""en""=>""Vermouth and other wine of fresh grapes, flavoured with plants or aromatic substances"", ""fr""=>""Vermouths et autres vins de raisins frais préparés à l'aide de plantes ou de substances aromatiques""",22,"2020-08-31 07:24:26.558547","2020-08-31 07:24:26.558547",NULL,0,3
2941,"1103","110310","2206","2206 00 10",4,"""en""=>""Piquette, obtained by grape marc"", ""fr""=>""Piquette, obtenue par la fermentation des marcs de raisins""",22,"2020-08-31 07:24:26.558547","2020-08-31 07:24:26.558547",NULL,0,3
2950,"2014","201475","2207","2207 20 00",4,"""en""=>""Denatured ethyl alcohol and other spirits of any strength"", ""fr""=>""Alcool éthylique et eaux-de-vie dénaturés de tous titres""",22,"2020-08-31 07:24:26.558547","2020-08-31 07:24:26.558547",NULL,0,7
2953,"1101","110110","2208","2208 20 12",4,"""en""=>""Cognac, in containers holding <= 2 l"", ""fr""=>""Cognac, présenté en récipients d'une contenance <= 2 l""",22,"2020-08-31 07:24:26.558547","2020-08-31 07:24:26.558547",NULL,0,3
3015,"1084","108411","2209","2209 00 11",4,"""en""=>""Wine vinegar, in containers holding <= 2 l"", ""fr""=>""Vinaigres de vin, comestibles, présentés en récipients d'une contenance <= 2 l""",22,"2020-08-31 07:24:26.558547","2020-08-31 07:24:26.558547",NULL,0,3
3019,NULL,NULL,"2301","2301",NULL,"""en""=>""Flours, meals and pellets, of meat or meat offal, of fish or of crustaceans, molluscs or other aquatic invertebrates, unfit for human consumption; greaves"", ""fr""=>""Farines, poudres et agglomérés sous forme de pellets, de viandes, d'abats, de poissons ou de crustacés, de mollusques ou d'autres invertébrés aquatiques, impropres à l'alimentation humaine; cretons""",23,"2020-08-31 07:24:26.558547","2020-08-31 07:24:26.558547",NULL,0,3
3034,"1061","106140","2302","2302 50 00",4,"""en""=>""Bran, sharps and other residues of leguminous plants, whether or not in the form of pellets, derived from sifting, milling or other working"", ""fr""=>""Résidus, même agglomérés sous forme de pellets, du criblage, de la mouture ou d'autres traitements des légumineuses""",23,"2020-08-31 07:24:26.558547","2020-08-31 07:24:26.558547",NULL,0,3
3039,"1062","106220","2303","2303 10 90",4,"""en""=>""Residues of starch manufacture and similar residues, incl. concentrated steeping liquors (excl. of starch from maize)"", ""fr""=>""Résidus de l'amidonnerie et résidus simil. (à l'excl. des résidus de l'amidonnerie du maïs)""",23,"2020-08-31 07:24:26.558547","2020-08-31 07:24:26.558547",NULL,0,3
12229,"1041","104141","2304","2304 00",4,"""en""=>""Oilcake and other solid residues, whether or not ground or in the form of pellets, resulting from the extraction of soya-bean oil"", ""fr""=>""Tourteaux et autres résidus solides, même broyés ou agglomérés sous forme de pellets, de l'extraction de l'huile de soja""",23,"2020-09-17 09:06:10.164221","2020-09-17 09:06:10.164221",NULL,0,NULL
12230,"1041","104141","2305","2305 00",4,"""en""=>""Oilcake and other solid residues, whether or not ground or in the form of pellets, resulting from the extraction of groundnut oil"", ""fr""=>""Tourteaux et autres résidus solides, même broyés ou agglomérés sous forme de pellets, de l'extraction de l'huile d'arachide""",23,"2020-09-17 09:06:10.164221","2020-09-17 09:06:10.164221",NULL,0,NULL
3046,NULL,NULL,"2306","2306",NULL,"""en""=>""Oilcake and other solid residues, whether or not ground or in the form of pellets, resulting from the extraction of vegetable fats or oils (excl. from soya-bean oil and groundnut oil)"", ""fr""=>""Tourteaux et autres résidus solides, même broyés ou agglomérés sous forme de pellets, de l'extraction de graisses ou huiles végétales (à l'excl. des tourteaux et autres résidus solides de l'extraction des huiles de soja et d'arachide)""",23,"2020-08-31 07:24:26.558547","2020-08-31 07:24:26.558547",NULL,0,3
3062,"1102","110220","2307","2307 00 90",4,"""en""=>""Argol"", ""fr""=>""Tartre brut""",23,"2020-08-31 07:24:26.558547","2020-08-31 07:24:26.558547",NULL,0,3
3064,"1039","103930","2308","2308 00 11",4,"""en""=>""Grape marc, of a kind used in animal feeding, whether or not in the form of pellets, having a total alcoholic strength of <= 4,3% mas and a dry matter content of >= 40% by weight"", ""fr""=>""Marcs de raisins, même agglomérés sous forme de pellets, des types utilisés pour l'alimentation des animaux, ayant un titre alcoométrique total <= 4,3% mas et une teneur en matière sèche >= 40% en poids""",23,"2020-08-31 07:24:26.558547","2020-08-31 07:24:26.558547",NULL,0,3
3083,"1091","109110","2309","2309 90 10",4,"""en""=>""Fish or marine mammal solubles, to supplement feedingstuffs produced in the agricultural sector"", ""fr""=>""Produits dits 'solubles' de poissons ou de mammifères marins, destinés à compléter les aliments produits à la ferme""",23,"2020-08-31 07:24:26.558547","2020-08-31 07:24:26.558547",NULL,0,3
3098,NULL,NULL,"2401","2401",NULL,"""en""=>""Unmanufactured tobacco; tobacco refuse"", ""fr""=>""Tabacs bruts ou non-fabriqués; déchets de tabac""",24,"2020-08-31 07:24:26.558547","2020-08-31 07:24:26.558547",NULL,0,3
3112,NULL,NULL,"2402","2402",NULL,"""en""=>""Cigars, cheroots, cigarillos and cigarettes of tobacco or of tobacco substitutes"", ""fr""=>""Cigares, y.c. ceux à bouts coupés, cigarillos et cigarettes, en tabac ou en succédanés de tabac""",24,"2020-08-31 07:24:26.558547","2020-08-31 07:24:26.558547",NULL,0,3
3119,"1200","120019","2403","2403 11 00",4,"""en""=>""Water-pipe tobacco (excl. tobacco-free. See subheading note 1.)"", ""fr""=>""Tabac pour pipe à eau (à l'excl. des produits sans tabac; voir la note 1 de sous-positions)""",24,"2020-08-31 07:24:26.558547","2020-08-31 07:24:26.558547",NULL,0,3
3128,"0893","089310","2501","2501 00 10",5,"""en""=>""Sea water and salt liquors"", ""fr""=>""Eau de mer et eaux mères de salines""",25,"2020-08-31 07:24:26.558547","2020-08-31 07:24:26.558547",NULL,0,2
12232,"0891","089112","2502","2502 00",5,"""en""=>""Unroasted iron pyrites"", ""fr""=>""Pyrites de fer non grillées""",25,"2020-09-17 09:06:10.164221","2020-09-17 09:06:10.164221",NULL,0,NULL
3135,"0891","089112","2503","2503 00 10",5,"""en""=>""Crude or unrefined sulphur (excl. sublimed sulphur, precipitated sulphur and colloidal sulphur)"", ""fr""=>""Soufres bruts et soufres non raffinés (à l'excl. du soufre sublimé, du soufre précipité et du soufre colloïdal)""",25,"2020-08-31 07:24:26.558547","2020-08-31 07:24:26.558547",NULL,0,2
3137,NULL,NULL,"2504","2504",NULL,"""en""=>""Natural graphite"", ""fr""=>""Graphite naturel""",25,"2020-08-31 07:24:26.558547","2020-08-31 07:24:26.558547",NULL,0,2
3140,NULL,NULL,"2505","2505",NULL,"""en""=>""Natural sands of all kinds, whether or not coloured (excl. gold- and platinum-bearing sands, zircon, rutile and ilmenite sands, monazite sands, and tar or asphalt sands)"", ""fr""=>""Sables naturels de toute espèce, même colorés (à l'excl. des sables aurifères, platinifères, monazités, bitumineux ou asphaltiques ainsi que des sables de zircon, de rutile ou d'ilménite)""",25,"2020-08-31 07:24:26.558547","2020-08-31 07:24:26.558547",NULL,0,2
3143,NULL,NULL,"2506","2506",NULL,"""en""=>""Quartz (excl. natural sands); quartzite, whether or not roughly trimmed or merely cut, by sawing or otherwise, into blocks or slabs of a square or rectangular shape"", ""fr""=>""Quartz (autres que les sables naturels); quartzites, même dégrossis ou simpl. débités, par sciage ou autrement, en blocs ou en plaques de forme carrée ou rectangulaire""",25,"2020-08-31 07:24:26.558547","2020-08-31 07:24:26.558547",NULL,0,2
3147,"0812","081221","2507","2507 00 20",5,"""en""=>""Kaolin"", ""fr""=>""Kaolin""",25,"2020-08-31 07:24:26.558547","2020-08-31 07:24:26.558547",NULL,0,2
3149,NULL,NULL,"2508","2508",NULL,"""en""=>""Clays, andalusite, kyanite and sillimanite, whether or not calcined; mullite; chamotte or dinas earths (excl. kaolin and other kaolinic clays, and expanded clay)"", ""fr""=>""Argiles (à l'excl. des argiles expansées ainsi que du kaolin et des autres argiles kaoliniques), andalousite, cyanite, sillimanite, même calcinées; mullite; terres de chamotte ou de dinas""",25,"2020-08-31 07:24:26.558547","2020-08-31 07:24:26.558547",NULL,0,2
12233,"0811","081130","2509","2509 00",5,"""en""=>""Chalk"", ""fr""=>""Craie""",25,"2020-09-17 09:06:10.164221","2020-09-17 09:06:10.164221",NULL,0,NULL
3157,NULL,NULL,"2510","2510",NULL,"""en""=>""Natural calcium phosphates and natural aluminium calcium phosphates, natural and phosphatic chalk"", ""fr""=>""Phosphates de calcium et phosphates aluminocalciques, naturels, et craies phosphatées""",25,"2020-08-31 07:24:26.558547","2020-08-31 07:24:26.558547",NULL,0,2
3160,NULL,NULL,"2511","2511",NULL,"""en""=>""Natural barium sulphate \""barytes\""; natural barium carbonate \""witherite\"", whether or not calcined (excl. barium oxide)"", ""fr""=>""Sulfate de baryum naturel [barytine]; carbonate de baryum naturel [withérite], même calciné (à l'excl. de l'oxyde de baryum)""",25,"2020-08-31 07:24:26.558547","2020-08-31 07:24:26.558547",NULL,0,2
12234,"0899","089929","2512","2512 00",5,"""en""=>""Siliceous fossil meals, e.g. kieselguhr, tripolite and diatomite, and similar siliceous earths, whether or not calcined, of an apparent specific gravity of <= 1"", ""fr""=>""Farines siliceuses fossiles [kieselguhr, tripolite, diatomite, p.ex.] et autres terres siliceuses analogues, d'une densité apparente <= 1, même calcinées""",25,"2020-09-17 09:06:10.164221","2020-09-17 09:06:10.164221",NULL,0,NULL
3164,NULL,NULL,"2513","2513",NULL,"""en""=>""Pumice stone; emery; natural corundum, natural garnet and other natural abrasives, whether or not heat-treated"", ""fr""=>""Pierre ponce; émeri; corindon naturel, grenat naturel et autres abrasifs naturels, même traités thermiquement""",25,"2020-08-31 07:24:26.558547","2020-08-31 07:24:26.558547",NULL,0,2
12235,"0811","081140","2514","2514 00",5,"""en""=>""Slate, whether or not roughly trimmed or merely cut, by sawing or otherwise, into blocks or slabs of a square or rectangular shape; slate powder and slate refuse"", ""fr""=>""Ardoise, même dégrossie ou simpl. débitée, par sciage ou autrement, en blocs ou en plaques de forme carrée ou rectangulaire; poudre d'ardoise et déchets d'ardoise""",25,"2020-09-17 09:06:10.164221","2020-09-17 09:06:10.164221",NULL,0,NULL
3168,NULL,NULL,"2515","2515",NULL,"""en""=>""Marble, travertine, ecaussine and other calcareous monumental or building stone of an apparent specific gravity of >= 2,5, and alabaster, whether or not roughly trimmed or merely cut, by sawing or otherwise, into blocks or slabs of a square or rectangular shape (excl. in the form of granules, chippings or powder)"", ""fr""=>""Marbres, travertins, écaussines et autres pierres calcaires de taille ou de construction d'une densité apparente >= 2,5, et albâtre, même dégrossis ou simpl. débités, par sciage ou autrement, en blocs ou en plaques de forme carrée ou rectangulaire (à l'excl. des pierres présentées sous la forme de granulés, d'éclats ou de poudres)""",25,"2020-08-31 07:24:26.558547","2020-08-31 07:24:26.558547",NULL,0,2
3172,NULL,NULL,"2516","2516",NULL,"""en""=>""Granite, porphyry, basalt, sandstone and other monumental or building stone, whether or not roughly trimmed or merely cut, by sawing or otherwise, into blocks or slabs of a square or rectangular shape (excl. in the form of granules, chippings or powder, or already with the characteristics of setts, curbstones and flagstones, and monumental or building stone of an apparent specific gravity of >= 2,5)"", ""fr""=>""Granit, porphyre, basalte, grès et autres pierres de taille ou de construction, même dégrossis ou simpl. débités, en blocs ou en plaques de forme carrée ou rectangulaire (sauf pierres présentées sous la forme de granulés, d'éclats ou de poudres, pierres présentant le caractère de pavés, bordures de trottoirs ou dalles de pavage ainsi que pierres calcaires de taille ou de construction d'une densité apparente >= 2,5)""",25,"2020-08-31 07:24:26.558547","2020-08-31 07:24:26.558547",NULL,0,2
3183,"2399","239913","2517","2517 30 00",5,"""en""=>""Tarred macadam"", ""fr""=>""Tarmacadam""",25,"2020-08-31 07:24:26.558547","2020-08-31 07:24:26.558547",NULL,0,9
3186,NULL,NULL,"2518","2518",NULL,"""en""=>""Dolomite, whether or not calcined or sintered, incl. dolomite roughly trimmed or merely cut, by sawing or otherwise, into blocks or slabs of a rectangular \""incl. square\"" shape, and dolomite ramming mix (excl. broken or crushed dolomite for concrete aggregates, road metalling or railway or other ballast)"", ""fr""=>""Dolomie, même frittée ou calcinée, y.c. la dolomie dégrossie ou simpl. débitée, par sciage ou autrement, en blocs ou en plaques de forme carrée ou rectangulaire ainsi que la pisé de dolomie (à l'excl. de la dolomie concassée des types généralement utilisés pour le bétonnage ou pour l'empierrement des routes, des voies ferrées ou autres ballasts)""",25,"2020-08-31 07:24:26.558547","2020-08-31 07:24:26.558547",NULL,0,9
3194,"0899","089929","2519","2519 90 30",5,"""en""=>""Dead-burned \""sintered\"" magnesia, whether or not containing small quantities of other oxides added before sintering"", ""fr""=>""Magnésie calcinée à mort [frittée], même contenant de faibles quantités d'autres oxydes ajoutés avant le frittage""",25,"2020-08-31 07:24:26.558547","2020-08-31 07:24:26.558547",NULL,0,2
3196,NULL,NULL,"2520","2520",NULL,"""en""=>""Gypsum; anhydrite; plasters consisting of calcined gypsum or calcium sulphate, whether or not coloured, with or without small quantities of accelerators or retarders"", ""fr""=>""Gypse; anhydrite; plâtres, même colorés ou additionnés de faibles quantités d'accélérateurs ou de retardateurs""",25,"2020-08-31 07:24:26.558547","2020-08-31 07:24:26.558547",NULL,0,2
12236,"0811","081120","2521","2521 00",5,"""en""=>""Limestone flux; limestone and other calcareous stone, of a kind used for the manufacture of lime or cement"", ""fr""=>""Castines; pierres à chaux ou à ciment""",25,"2020-09-17 09:06:10.164221","2020-09-17 09:06:10.164221",NULL,0,NULL
3200,NULL,NULL,"2522","2522",NULL,"""en""=>""Quicklime, slaked lime and hydraulic lime (excl. pure calcium oxide and calcium hydroxide)"", ""fr""=>""Chaux vive, chaux éteinte et chaux hydraulique (à l'excl. de l'oxyde et de l'hydroxyde de calcium)""",25,"2020-08-31 07:24:26.558547","2020-08-31 07:24:26.558547",NULL,0,9
3204,NULL,NULL,"2523","2523",NULL,"""en""=>""Cement, incl. cement clinkers, whether or not coloured"", ""fr""=>""Ciments hydrauliques, y.c. les ciments non-pulvérisés dits 'clinkers', même colorés""",25,"2020-08-31 07:24:26.558547","2020-08-31 07:24:26.558547",NULL,0,9
3210,NULL,NULL,"2524","2524",NULL,"""en""=>""Asbestos (excl. products made from asbestos)"", ""fr""=>""Amiante [asbeste] (à l'excl. des ouvrages en cette matière)""",25,"2020-08-31 07:24:26.558547","2020-08-31 07:24:26.558547",NULL,0,2
3213,NULL,NULL,"2525","2525",NULL,"""en""=>""Mica, whether or not rifted into sheets or splittings; mica waste"", ""fr""=>""Mica, y.c. le mica clivé en lamelles irrégulières ['splittings']; déchets de mica""",25,"2020-08-31 07:24:26.558547","2020-08-31 07:24:26.558547",NULL,0,2
3217,NULL,NULL,"2526","2526",NULL,"""en""=>""Natural steatite, whether or not roughly trimmed or merely cut, by sawing or otherwise, into blocks or slabs of a square or rectangular shape; talc"", ""fr""=>""Stéatite naturelle, même dégrossie ou simpl. débitée, par sciage ou autrement, en blocs ou en plaques de forme carrée ou rectangulaire; talc""",25,"2020-08-31 07:24:26.558547","2020-08-31 07:24:26.558547",NULL,0,2
12237,"0891","089119","2528","2528 00",5,"""en""=>""Borates, natural, and concentrates thereof, whether or not calcined, and natural boric acids containing <= 85% of H3BO3 calculated on the dry weight (excl. borates separated from natural brine)"", ""fr""=>""Borates naturels et leurs concentrés, calcinés ou non (à l’excl. des borates extraits des saumures naturelles); acide borique naturel titrant <= 85 % de H3BO3 sur produit sec""",25,"2020-09-17 09:06:10.164221","2020-09-17 09:06:10.164221",NULL,0,NULL
3221,NULL,NULL,"2529","2529",NULL,"""en""=>""Feldspar; leucite, nepheline and nepheline syenite; fluorspar"", ""fr""=>""Feldspath; leucite; néphéline et néphéline syénite; spath fluor""",25,"2020-08-31 07:24:26.558547","2020-08-31 07:24:26.558547",NULL,0,2
3226,NULL,NULL,"2530","2530",NULL,"""en""=>""Vermiculite, perlite and other mineral substances, n.e.s."", ""fr""=>""Vermiculite, perlite et autres matières minérales, n.d.a.""",25,"2020-08-31 07:24:26.558547","2020-08-31 07:24:26.558547",NULL,0,2
3230,NULL,NULL,"2601","2601",NULL,"""en""=>""Iron ores and concentrates, incl. roasted iron pyrites"", ""fr""=>""Minerais de fer et leurs concentrés, y.c. les pyrites de fer grillées [cendres de pyrites]""",26,"2020-08-31 07:24:26.558547","2020-08-31 07:24:26.558547",NULL,0,2
12231,"0729","072919","2602","2602 00",5,"""en""=>""Manganese ores and concentrates, incl. ferruginous manganese ores and concentrates, with a manganese content of >= 20%, calculated on the dry weight"", ""fr""=>""Minerais de manganèse et leurs concentrés, y.c. les minerais de fer manganésifères d'une teneur en manganèse >= 20%, sur produit sec""",26,"2020-09-17 09:06:10.164221","2020-09-17 09:06:10.164221",NULL,0,NULL
12202,"0729","072911","2603","2603 00",5,"""en""=>""Copper ores and concentrates"", ""fr""=>""Minerais de cuivre et leurs concentrés""",26,"2020-09-17 09:06:10.164221","2020-09-17 09:06:10.164221",NULL,0,NULL
12217,"0729","072912","2604","2604 00",5,"""en""=>""Nickel ores and concentrates"", ""fr""=>""Minerais de nickel et leurs concentrés""",26,"2020-09-17 09:06:10.164221","2020-09-17 09:06:10.164221",NULL,0,NULL
12218,"0729","072919","2605","2605 00",5,"""en""=>""Cobalt ores and concentrates"", ""fr""=>""Minerais de cobalt et leurs concentrés""",26,"2020-09-17 09:06:10.164221","2020-09-17 09:06:10.164221",NULL,0,NULL
12224,"0729","072913","2606","2606 00",5,"""en""=>""Aluminium ores and concentrates"", ""fr""=>""Minerais d'aluminium et leurs concentrés""",26,"2020-09-17 09:06:10.164221","2020-09-17 09:06:10.164221",NULL,0,NULL
12225,"0729","072915","2607","2607 00",5,"""en""=>""Lead ores and concentrates"", ""fr""=>""Minerais de plomb et leurs concentrés""",26,"2020-09-17 09:06:10.164221","2020-09-17 09:06:10.164221",NULL,0,NULL
12226,"0729","072915","2608","2608 00",5,"""en""=>""Zinc ores and concentrates"", ""fr""=>""Minerais de zinc et leurs concentrés""",26,"2020-09-17 09:06:10.164221","2020-09-17 09:06:10.164221",NULL,0,NULL
12227,"0729","072915","2609","2609 00",5,"""en""=>""Tin ores and concentrates"", ""fr""=>""Minerais d'étain et leurs concentrés""",26,"2020-09-17 09:06:10.164221","2020-09-17 09:06:10.164221",NULL,0,NULL
12228,"0729","072919","2610","2610 00",5,"""en""=>""Chromium ores and concentrates"", ""fr""=>""Minerais de chrome et leurs concentrés""",26,"2020-09-17 09:06:10.164221","2020-09-17 09:06:10.164221",NULL,0,NULL
12238,"0729","072919","2611","2611 00",5,"""en""=>""Tungsten ores and concentrates"", ""fr""=>""Minerais de tungstène et leurs concentrés""",26,"2020-09-17 09:06:10.164221","2020-09-17 09:06:10.164221",NULL,0,NULL
3244,NULL,NULL,"2612","2612",NULL,"""en""=>""Uranium or thorium ores and concentrates"", ""fr""=>""Minerais d'uranium ou de thorium et leurs concentrés""",26,"2020-08-31 07:24:26.558547","2020-08-31 07:24:26.558547",NULL,0,2
3251,NULL,NULL,"2613","2613",NULL,"""en""=>""Molybdenum ores and concentrates"", ""fr""=>""Minerais de molybdène et leurs concentrés""",26,"2020-08-31 07:24:26.558547","2020-08-31 07:24:26.558547",NULL,0,2
12239,"0729","072919","2614","2614 00",5,"""en""=>""Titanium ores and concentrates"", ""fr""=>""Minerais de titane et leurs concentrés""",26,"2020-09-17 09:06:10.164221","2020-09-17 09:06:10.164221",NULL,0,NULL
3255,NULL,NULL,"2615","2615",NULL,"""en""=>""Niobium, tantalum, vanadium or zirconium ores and concentrates"", ""fr""=>""Minerais de niobium, de tantale, de vanadium ou de zirconium et leurs concentrés""",26,"2020-08-31 07:24:26.558547","2020-08-31 07:24:26.558547",NULL,0,2
3258,NULL,NULL,"2616","2616",NULL,"""en""=>""Precious-metal ores and concentrates"", ""fr""=>""Minerais de métaux précieux et leurs concentrés""",26,"2020-08-31 07:24:26.558547","2020-08-31 07:24:26.558547",NULL,0,2
3261,NULL,NULL,"2617","2617",NULL,"""en""=>""Ores and concentrates (excl. iron, manganese, copper, nickel, cobalt, aluminium, lead, zinc, tin, chromium, tungsten, uranium, thorium, molybdenum, titanium, niobium, tantalum, vanadium, zirconium and precious-metal ores and concentrates)"", ""fr""=>""Minerais et leurs concentrés (à l'excl. des minerais et des concentrés de minerais de fer, de manganèse, de cuivre, de nickel, de cobalt, d'aluminium, de plomb, de zinc, d'étain, de chrome, de tungstène, d'uranium, de thorium, de molybdène, de titane, de niobium, de tantale, de vanadium, de zirconium ou de métaux précieux)""",26,"2020-08-31 07:24:26.558547","2020-08-31 07:24:26.558547",NULL,0,2
12240,"3811","381158","2618","2618 00",5,"""en""=>""Granulated slag \""slag sand\"" from the manufacture of iron or steel"", ""fr""=>""Laitier granulé [sable-laitier] provenant de la fabrication de la fonte, du fer ou de l'acier""",26,"2020-09-17 09:06:10.164221","2020-09-17 09:06:10.164221",NULL,0,NULL
3266,"3811","381158","2619","2619 00 20",5,"""en""=>""Waste from the manufacture of iron or steel suitable for the recovery of iron or manganese"", ""fr""=>""Déchets de la fabrication du fer ou de l'acier propres à la récupération du fer ou du manganèse""",26,"2020-08-31 07:24:26.558547","2020-08-31 07:24:26.558547",NULL,0,17
3269,"3811","381158","2620","2620 11 00",5,"""en""=>""Hard zinc spelter"", ""fr""=>""Mattes de galvanisation""",26,"2020-08-31 07:24:26.558547","2020-08-31 07:24:26.558547",NULL,0,17
3283,NULL,NULL,"2621","2621",NULL,"""en""=>""Slag and ash, incl. seaweed ash \""kelp\""; ash and residues from the incineration of municipal waste (excl. slag, incl. granulated, from the manufacture of iron or steel and ashes and residues containing arsenic, metals or metal compounds)"", ""fr""=>""Scories et cendres, y.c. les cendres de varech; cendres et résidus provenant de l'incinération des déchets municipaux (à l'excl. du laitier granulé [sable-laitier], des scories, laitiers, battitures et autres déchets de la fabrication du fer ou de l'acier ainsi que des cendres et résidus contenant de l'arsenic, des métaux ou des composés de métaux)""",26,"2020-08-31 07:24:26.558547","2020-08-31 07:24:26.558547",NULL,0,2
3286,NULL,NULL,"2701","2701",NULL,"""en""=>""Coal; briquettes, ovoids and similar solid fuels manufactured from coal"", ""fr""=>""Houilles; briquettes, boulets et combustibles solides simil. obtenus à partir de la houille""",27,"2020-08-31 07:24:26.558547","2020-08-31 07:24:26.558547",NULL,0,2
3293,NULL,NULL,"2702","2702",NULL,"""en""=>""Lignite, whether or not agglomerated (excl. jet)"", ""fr""=>""Lignites, même agglomérés (à l'excl. du jais)""",27,"2020-08-31 07:24:26.558547","2020-08-31 07:24:26.558547",NULL,0,2
12241,"0892","089210","2703","2703 00",5,"""en""=>""Peat, incl. peat litter, whether or not agglomerated"", ""fr""=>""Tourbe, y.c. la tourbe pour litière, même agglomérée""",27,"2020-09-17 09:06:10.164221","2020-09-17 09:06:10.164221",NULL,0,NULL
3298,"1910","191010","2704","2704 00 10",5,"""en""=>""Coke and semi-coke of coal, whether or not agglomerated"", ""fr""=>""Cokes et semi-cokes de houille, même agglomérés""",27,"2020-08-31 07:24:26.558547","2020-08-31 07:24:26.558547",NULL,0,6
12242,"3521","352110","2705","2705 00",5,"""en""=>""Coal gas, water gas, producer gas, lean gas and similar gases (excl. petroleum gases and other gaseous hydrocarbons)"", ""fr""=>""Gaz de houille, gaz à l'eau, gaz pauvre et gaz simil. (à l'excl. des gaz de pétrole et autres hydrocarbures gazeux)""",27,"2020-09-17 09:06:10.164221","2020-09-17 09:06:10.164221",NULL,0,NULL
12243,"1910","191020","2706","2706 00",5,"""en""=>""Tar distilled from coal, from lignite or from peat, and other mineral tars, whether or not dehydrated or partially distilled, incl. reconstituted tars"", ""fr""=>""Goudrons de houille, de lignite ou de tourbe et autres goudrons minéraux, même déshydratés ou étêtés, y.c. les goudrons reconstitués""",27,"2020-09-17 09:06:10.164221","2020-09-17 09:06:10.164221",NULL,0,NULL
3303,NULL,NULL,"2707","2707",NULL,"""en""=>""Oils and other products of the distillation of high temperature coal tar; similar products in which the weight of the aromatic constituents exceeds that of the non-aromatic constituents"", ""fr""=>""Huiles et autres produits provenant de la distillation des goudrons de houille de haute température; produits analogues dans lesquels les constituants aromatiques prédominent en poids par rapport aux constituants non-aromatiques""",27,"2020-08-31 07:24:26.558547","2020-08-31 07:24:26.558547",NULL,0,7
3319,"1910","191030","2708","2708 10 00",5,"""en""=>""Pitch obtained from coal tar or from other mineral tars"", ""fr""=>""Brai de goudron de houille ou d'autres goudrons minéraux""",27,"2020-08-31 07:24:26.558547","2020-08-31 07:24:26.558547",NULL,0,6
3322,"0610","061010","2709","2709 00 10",5,"""en""=>""Natural gas condensates"", ""fr""=>""Condensats de gaz naturel""",27,"2020-08-31 07:24:26.558547","2020-08-31 07:24:26.558547",NULL,0,2
3324,NULL,NULL,"2710","2710",NULL,"""en""=>""Petroleum oils and oils obtained from bituminous minerals (excl. crude); preparations containing >= 70% by weight of petroleum oils or of oils obtained from bituminous minerals, these oils being the basic constituents of the preparations, n.e.s.; waste oils containing mainly petroleum or bituminous minerals"", ""fr""=>""Huiles de pétrole ou de minéraux bitumineux (autres que les huiles brutes); préparations n.d.a. contenant en poids >= 70% d'huiles de pétrole ou de minéraux bitumineux et dont ces huiles constituent l'élément de base; déchets d'huiles contenant principalement des huiles de pétrole ou de minéraux bitumineux""",27,"2020-08-31 07:24:26.558547","2020-08-31 07:24:26.558547",NULL,0,6
3373,"0620","062010","2711","2711 11 00",5,"""en""=>""Natural gas, liquefied"", ""fr""=>""Gaz naturel, liquéfié""",27,"2020-08-31 07:24:26.558547","2020-08-31 07:24:26.558547",NULL,0,2
3390,NULL,NULL,"2712","2712",NULL,"""en""=>""Petroleum jelly, paraffin wax, micro- crystalline petroleum wax, slack wax, ozokerite, lignite wax, peat wax, other mineral waxes, and similar products obtained by synthesis or by other processes, whether or not coloured"", ""fr""=>""Vaseline; paraffine, cire de pétrole microcristalline, 'slack wax', ozokérite, cire de lignite, cire de tourbe, autres cires minérales et produits simil. obtenus par synthèse ou par d'autres procédés, même colorés""",27,"2020-08-31 07:24:26.558547","2020-08-31 07:24:26.558547",NULL,0,6
3406,"1920","192042","2713","2713 11 00",5,"""en""=>""Petroleum coke, non-calcined"", ""fr""=>""Coke de pétrole, non calciné""",27,"2020-08-31 07:24:26.558547","2020-08-31 07:24:26.558547",NULL,0,6
3412,NULL,NULL,"2714","2714",NULL,"""en""=>""Bitumen and asphalt, natural; bituminous or oil-shale and tar sands; asphaltites and asphaltic rocks"", ""fr""=>""Bitumes et asphaltes, naturels; schistes et sables bitumineux; asphaltites et roches asphaltiques""",27,"2020-08-31 07:24:26.558547","2020-08-31 07:24:26.558547",NULL,0,2
12244,"2399","239913","2715","2715 00",5,"""en""=>""Bituminous mastics, cut-backs and other bituminous mixtures based on natural asphalt, on natural bitumen, on petroleum bitumen, on mineral tar or on mineral tar pitch"", ""fr""=>""Mastics bitumineux, 'cut-backs' et autres mélanges bitumineux à base d'asphalte ou de bitume naturels, de bitume de pétrole, de goudron minéral ou de brai de goudron minéral""",27,"2020-09-17 09:06:10.164221","2020-09-17 09:06:10.164221",NULL,0,NULL
12245,"3511","351110","2716","2716 00",5,"""en""=>""Electrical energy"", ""fr""=>""Énergie électrique""",27,"2020-09-17 09:06:10.164221","2020-09-17 09:06:10.164221",NULL,0,NULL
3417,NULL,NULL,"2801","2801",NULL,"""en""=>""Fluorine, chlorine, bromine and iodine"", ""fr""=>""Fluor, chlore, brome et iode""",28,"2020-08-31 07:24:26.558547","2020-08-31 07:24:26.558547",NULL,0,7
12246,"2013","201321","2802","2802 00",6,"""en""=>""Sulphur, sublimed or precipitated; colloidal sulphur"", ""fr""=>""Soufre sublimé ou précipité; soufre colloïdal""",28,"2020-09-17 09:06:10.164221","2020-09-17 09:06:10.164221",NULL,0,NULL
12247,"2013","201321","2803","2803 00",6,"""en""=>""Carbon \""carbon blacks and other forms of carbon\"", n.e.s."", ""fr""=>""Carbone [noirs de carbone et autres formes de carbone, n.d.a.]""",28,"2020-09-17 09:06:10.164221","2020-09-17 09:06:10.164221",NULL,0,NULL
3434,"2013","201321","2804","2804 50 10",6,"""en""=>""Boron"", ""fr""=>""Bore""",28,"2020-08-31 07:24:26.558547","2020-08-31 07:24:26.558547",NULL,0,7
3442,"2013","201323","2805","2805 11 00",6,"""en""=>""Sodium"", ""fr""=>""Sodium""",28,"2020-08-31 07:24:26.558547","2020-08-31 07:24:26.558547",NULL,0,7
3458,"2013","201324","2806","2806 20 00",6,"""en""=>""Chlorosulphuric acid"", ""fr""=>""Acide chlorosulfurique""",28,"2020-08-31 07:24:26.558547","2020-08-31 07:24:26.558547",NULL,0,7
12248,"2013","201324","2807","2807 00",6,"""en""=>""Sulphuric acid; oleum"", ""fr""=>""Acide sulfurique; oléum""",28,"2020-09-17 09:06:10.164221","2020-09-17 09:06:10.164221",NULL,0,NULL
12249,"2015","201510","2808","2808 00",6,"""en""=>""Nitric acid; sulphonitric acids"", ""fr""=>""Acide nitrique; acides sulfonitriques""",28,"2020-09-17 09:06:10.164221","2020-09-17 09:06:10.164221",NULL,0,NULL
3461,NULL,NULL,"2809","2809",NULL,"""en""=>""Diphosphorus pentaoxide; phosphoric acid; polyphosphoric acids, whether or not chemically defined"", ""fr""=>""Pentaoxyde de diphosphore; acide phosphorique; acides polyphosphoriques, de constitution chimique définie ou non""",28,"2020-08-31 07:24:26.558547","2020-08-31 07:24:26.558547",NULL,0,7
3465,"2013","201324","2810","2810 00 10",6,"""en""=>""Diboron trioxide"", ""fr""=>""Trioxyde de dibore""",28,"2020-08-31 07:24:26.558547","2020-08-31 07:24:26.558547",NULL,0,7
3479,"2011","201112","2811","2811 29 90",6,"""en""=>""Inorganic oxygen compounds of non-metals (excl. diphosphorus pentaoxide, oxides of boron, carbon dioxide, silicon dioxide, sulphur dioxide, sulphur trioxide \""sulphuric anhydride\"", diarsenic trioxide and nitrogen oxides)"", ""fr""=>""Composés oxygénés inorganiques des éléments non métalliques (à l'excl. du pentaoxyde de diphosphore, des oxydes de bore ou d'azote, des dioxydes de carbone, de silicium ou de soufre ainsi que des trioxydes de soufre [anhydride sulfurique] ou de diarsenic [anhydride arsénieux])""",28,"2020-08-31 07:24:26.558547","2020-08-31 07:24:26.558547",NULL,0,7
3481,"2013","201322","2812","2812 11 00",6,"""en""=>""Carbonyl dichloride \""phosgene\"""", ""fr""=>""Dichlorure de carbonyle «phosgène»""",28,"2020-08-31 07:24:26.558547","2020-08-31 07:24:26.558547",NULL,0,7
3492,NULL,NULL,"2813","2813",NULL,"""en""=>""Sulphides of non-metals; commercial phosphorus trisulphide"", ""fr""=>""Sulfures des éléments non-métalliques; trisulfure de phosphore du commerce""",28,"2020-08-31 07:24:26.558547","2020-08-31 07:24:26.558547",NULL,0,7
3497,NULL,NULL,"2814","2814",NULL,"""en""=>""Ammonia, anhydrous or in aqueous solution"", ""fr""=>""Ammoniac anhydre ou en solution aqueuse [ammoniaque]""",28,"2020-08-31 07:24:26.558547","2020-08-31 07:24:26.558547",NULL,0,7
3500,NULL,NULL,"2815","2815",NULL,"""en""=>""Sodium hydroxide \""caustic soda\"", potassium hydroxide \""caustic potash\""; peroxides of sodium or potassium"", ""fr""=>""Hydroxyde de sodium [soude caustique]; hydroxyde de potassium [potasse caustique]; peroxydes de sodium ou de potassium""",28,"2020-08-31 07:24:26.558547","2020-08-31 07:24:26.558547",NULL,0,7
3505,NULL,NULL,"2816","2816",NULL,"""en""=>""Hydroxide and peroxide of magnesium; oxides, hydroxides and peroxides, of strontium or barium"", ""fr""=>""Hydroxyde et peroxyde de magnésium; oxydes, hydroxydes et peroxydes, de strontium ou de baryum""",28,"2020-08-31 07:24:26.558547","2020-08-31 07:24:26.558547",NULL,0,7
12250,"2012","201211","2817","2817 00",6,"""en""=>""Zinc oxide; zinc peroxide"", ""fr""=>""Oxyde de zinc; peroxyde de zinc""",28,"2020-09-17 09:06:10.164221","2020-09-17 09:06:10.164221",NULL,0,NULL
3509,NULL,NULL,"2818","2818",NULL,"""en""=>""Artificial corundum, whether or not chemically defined; aluminium oxide; aluminium hydroxide"", ""fr""=>""Corindon artificiel, chimiquement défini ou non; oxyde d'aluminium; hydroxyde d'aluminium""",28,"2020-08-31 07:24:26.558547","2020-08-31 07:24:26.558547",NULL,0,9
3517,NULL,NULL,"2819","2819",NULL,"""en""=>""Chromium oxides and hydroxides"", ""fr""=>""Oxydes et hydroxydes de chrome""",28,"2020-08-31 07:24:26.558547","2020-08-31 07:24:26.558547",NULL,0,7
3525,"2012","201212","2820","2820 90 10",6,"""en""=>""Manganese oxide containing by weight >= 77% of manganese"", ""fr""=>""Oxyde de manganèse contenant en poids >= 77% de manganèse""",28,"2020-08-31 07:24:26.558547","2020-08-31 07:24:26.558547",NULL,0,7
3528,"2012","201219","2821","2821 10 00",6,"""en""=>""Iron oxides and hydroxides"", ""fr""=>""Oxydes et hydroxydes de fer""",28,"2020-08-31 07:24:26.558547","2020-08-31 07:24:26.558547",NULL,0,7
12251,"2012","201219","2822","2822 00",6,"""en""=>""Cobalt oxides and hydroxides; commercial cobalt oxides"", ""fr""=>""Oxydes et hydroxydes de cobalt; oxydes de cobalt du commerce""",28,"2020-09-17 09:06:10.164221","2020-09-17 09:06:10.164221",NULL,0,NULL
12252,"2012","201211","2823","2823 00",6,"""en""=>""Titanium oxides"", ""fr""=>""Oxydes de titane""",28,"2020-09-17 09:06:10.164221","2020-09-17 09:06:10.164221",NULL,0,NULL
3532,NULL,NULL,"2824","2824",NULL,"""en""=>""Lead oxides; red lead and orange lead"", ""fr""=>""Oxydes de plomb; minium et mine orange""",28,"2020-08-31 07:24:26.558547","2020-08-31 07:24:26.558547",NULL,0,7
3535,NULL,NULL,"2825","2825",NULL,"""en""=>""Hydrazine and hydroxylamine and their inorganic salts; inorganic bases, metal oxides, hydroxides and peroxides, n.e.s."", ""fr""=>""Hydrazine et hydroxylamine et leurs sels inorganiques; bases inorganiques et oxydes, hydroxydes et peroxydes de métaux, n.d.a.""",28,"2020-08-31 07:24:26.558547","2020-08-31 07:24:26.558547",NULL,0,7
3551,NULL,NULL,"2826","2826",NULL,"""en""=>""Fluorides; fluorosilicates, fluoroaluminates and other complex fluorine salts (excl. inorganic or organic compounds of mercury)"", ""fr""=>""Fluorures; fluorosilicates, fluoroaluminates et autres sels complexes de fluor (à l'excl. des composés inorganiques ou organiques du mercure)""",28,"2020-08-31 07:24:26.558547","2020-08-31 07:24:26.558547",NULL,0,7
3564,"2013","201331","2827","2827 32 00",6,"""en""=>""Aluminium chloride"", ""fr""=>""Chlorure d'aluminium""",28,"2020-08-31 07:24:26.558547","2020-08-31 07:24:26.558547",NULL,0,7
3578,NULL,NULL,"2828","2828",NULL,"""en""=>""Hypochlorites; commercial calcium hypochlorite; chlorites; hypobromites"", ""fr""=>""Hypochlorites; hypochlorite de calcium du commerce; chlorites; hypobromites""",28,"2020-08-31 07:24:26.558547","2020-08-31 07:24:26.558547",NULL,0,7
3581,NULL,NULL,"2829","2829",NULL,"""en""=>""Chlorates and perchlorates; bromates and perbromates; iodates and periodates"", ""fr""=>""Chlorates et perchlorates; bromates et perbromates; iodates et periodates (à l'excl. des composés inorganiques ou organiques du mercure)""",28,"2020-08-31 07:24:26.558547","2020-08-31 07:24:26.558547",NULL,0,7
3588,NULL,NULL,"2830","2830",NULL,"""en""=>""Sulphides; polysulphides, whether or not chemically defined"", ""fr""=>""Sulfures; polysulfures, de constitution chimique définie ou non""",28,"2020-08-31 07:24:26.558547","2020-08-31 07:24:26.558547",NULL,0,7
3593,NULL,NULL,"2831","2831",NULL,"""en""=>""Dithionites and sulfoxylates"", ""fr""=>""Dithionites et sulfoxylates""",28,"2020-08-31 07:24:26.558547","2020-08-31 07:24:26.558547",NULL,0,7
3596,NULL,NULL,"2832","2832",NULL,"""en""=>""Sulphites; thiosulphates"", ""fr""=>""Sulfites; thiosulfates""",28,"2020-08-31 07:24:26.558547","2020-08-31 07:24:26.558547",NULL,0,7
3600,NULL,NULL,"2833","2833",NULL,"""en""=>""Sulphates; alums; peroxosulphates \""persulphates\"""", ""fr""=>""Sulfates; aluns; peroxosulfates [persulfates]""",28,"2020-08-31 07:24:26.558547","2020-08-31 07:24:26.558547",NULL,0,7
3615,NULL,NULL,"2834","2834",NULL,"""en""=>""Nitrites; nitrates"", ""fr""=>""Nitrites; nitrates (à l'excl. des composés inorganiques ou organiques du mercure)""",28,"2020-08-31 07:24:26.558547","2020-08-31 07:24:26.558547",NULL,0,7
3622,NULL,NULL,"2835","2835",NULL,"""en""=>""Phosphinates \""hypophosphites\"", phosphonates \""phosphites\"" and phosphates; polyphosphates, whether or not chemically defined"", ""fr""=>""Phosphinates [hypophosphites], phosphonates [phosphites] et phosphates; polyphosphates, de constitution chimique définie ou non""",28,"2020-08-31 07:24:26.558547","2020-08-31 07:24:26.558547",NULL,0,7
3643,"2013","201343","2836","2836 99 11",6,"""en""=>""Carbonates of magnesium and of copper"", ""fr""=>""Carbonates de magnésium, de cuivre""",28,"2020-08-31 07:24:26.558547","2020-08-31 07:24:26.558547",NULL,0,7
3646,NULL,NULL,"2837","2837",NULL,"""en""=>""Cyanides, cyanide oxides and complex cyanides"", ""fr""=>""Cyanures, oxycyanures et cyanures complexes""",28,"2020-08-31 07:24:26.558547","2020-08-31 07:24:26.558547",NULL,0,7
3650,NULL,NULL,"2839","2839",NULL,"""en""=>""Silicates; commercial alkali metal silicates (excl. inorganic or organic compounds of mercury)"", ""fr""=>""Silicates; silicates des métaux alcalins du commerce (à l'excl. des composés inorganiques ou organiques du mercure)""",28,"2020-08-31 07:24:26.558547","2020-08-31 07:24:26.558547",NULL,0,7
3654,NULL,NULL,"2840","2840",NULL,"""en""=>""Borates; peroxoborates \""perborates\"""", ""fr""=>""Borates; peroxoborates [perborates]""",28,"2020-08-31 07:24:26.558547","2020-08-31 07:24:26.558547",NULL,0,7
3663,NULL,NULL,"2841","2841",NULL,"""en""=>""Salts of oxometallic or peroxometallic acids"", ""fr""=>""Sels des acides oxométalliques ou peroxométalliques""",28,"2020-08-31 07:24:26.558547","2020-08-31 07:24:26.558547",NULL,0,7
3673,NULL,NULL,"2842","2842",NULL,"""en""=>""Salts of inorganic acids or peroxoacids, incl. aluminosilicates whether or not chemically defined (excl. of oxometallic or peroxometallic acids and azides, and  inorganic or organic compounds of mercury)"", ""fr""=>""Sels des acides ou peroxoacides inorganiques, y.c. les aluminosilicates de constitution chimique définie ou non (à l'excl. des azotures et des sels des acides oxométalliques ou peroxométalliques ainsi que des composés inorganiques ou organiques du mercure)""",28,"2020-08-31 07:24:26.558547","2020-08-31 07:24:26.558547",NULL,0,7
3683,"2013","201351","2843","2843 29 00",6,"""en""=>""Silver compounds, inorganic or organic, whether or not chemically defined (excl. of mercury and silver nitrate)"", ""fr""=>""Composés d'argent, inorganiques ou organiques, de constitution chimique définie ou non (à l'excl. des composés de mercure ainsi que du nitrate d'argent)""",28,"2020-08-31 07:24:26.558547","2020-08-31 07:24:26.558547",NULL,0,7
3714,"3812","381221","2844","2844 50 00",6,"""en""=>""Spent \""irradiated\"" fuel elements \""cartridges\"" of nuclear reactors [Euratom]"", ""fr""=>""Éléments combustibles [cartouches] usés [irradiés] de réacteurs nucléaires [Euratom]""",28,"2020-08-31 07:24:26.558547","2020-08-31 07:24:26.558547",NULL,0,17
3716,"2013","201361","2845","2845 10 00",6,"""en""=>""Heavy water \""deuterium oxide\"" [Euratom]"", ""fr""=>""Eau lourde [oxyde de deutérium] [Euratom]""",28,"2020-08-31 07:24:26.558547","2020-08-31 07:24:26.558547",NULL,0,7
3720,NULL,NULL,"2846","2846",NULL,"""en""=>""Compounds, inorganic or organic, of rare-earth metals, of yttrium or of scandium or of mixtures of these metals"", ""fr""=>""Composés, inorganiques ou organiques, des métaux des terres rares, de l'yttrium ou du scandium ou des mélanges de ces métaux""",28,"2020-08-31 07:24:26.558547","2020-08-31 07:24:26.558547",NULL,0,7
12253,"2013","201363","2847","2847 00",6,"""en""=>""Hydrogen peroxide, whether or not solidified with urea"", ""fr""=>""Peroxyde d'hydrogène [eau oxygénée], même solidifié avec de l'urée""",28,"2020-09-17 09:06:10.164221","2020-09-17 09:06:10.164221",NULL,0,NULL
3728,NULL,NULL,"2849","2849",NULL,"""en""=>""Carbides, whether or not chemically defined"", ""fr""=>""Carbures, de constitution chimique définie ou non""",28,"2020-08-31 07:24:26.558547","2020-08-31 07:24:26.558547",NULL,0,7
3737,"2013","201364","2850","2850 00 20",6,"""en""=>""Hydrides and nitrides, whether or not chemically defined (excl. compounds which are also carbides of heading 2849, and inorganic or organic compounds of mercury)"", ""fr""=>""Hydrures et nitrures, de constitution chimique définie ou non (à l’excl. des composés qui constituent également des carbures du no 2849 et des composants inorganiques ou organiques du mercure)""",28,"2020-08-31 07:24:26.558547","2020-08-31 07:24:26.558547",NULL,0,7
3740,NULL,NULL,"2852","2852",NULL,"""en""=>""Compounds, inorganic or organic, of mercury, whether or not chemically defined (excl. amalgams)"", ""fr""=>""Composés, inorganiques ou organiques, du mercure, de constitution chimique définie ou non (à l'excl. des amalgames)""",28,"2020-08-31 07:24:26.558547","2020-08-31 07:24:26.558547",NULL,0,7
3743,NULL,NULL,"2853","2853",NULL,"""en""=>""Phosphides, whether or not chemically defined (excl. ferrophosphorus); inorganic compounds, incl. distilled or conductivity water and water of similar purity, n.e.s.; liquid air, whether or not rare gases have been removed; compressed air; amalgams (excl. amalgams of precious metals)"", ""fr""=>""Phosphures, de constitution chimique définie ou non (à l’excl. des ferrophosphores); composés inorganiques, y.c. les eaux distillées, de conductibilité ou de même degré de pureté, n.d.a.; air liquide, y.c. l'air liquide dont les gaz ont été éliminés; air comprimé; amalgames (autres que de métaux précieux)""",28,"2020-08-31 07:24:26.558547","2020-08-31 07:24:26.558547",NULL,0,7
3751,"2014","201411","2901","2901 21 00",6,"""en""=>""Ethylene"", ""fr""=>""Éthylène""",29,"2020-08-31 07:24:26.558547","2020-08-31 07:24:26.558547",NULL,0,7
3756,NULL,NULL,"2902","2902",NULL,"""en""=>""Cyclic hydrocarbons"", ""fr""=>""Hydrocarbures cycliques""",29,"2020-08-31 07:24:26.558547","2020-08-31 07:24:26.558547",NULL,0,7
3783,"2014","201419","2903","2903 39 15",6,"""en""=>""Dibromomethane"", ""fr""=>""Dibromométhane""",29,"2020-08-31 07:24:26.558547","2020-08-31 07:24:26.558547",NULL,0,7
3826,NULL,NULL,"2904","2904",NULL,"""en""=>""Sulphonated, nitrated or nitrosated derivatives of hydrocarbons, whether or not halogenated"", ""fr""=>""Dérivés sulfonés, nitrés ou nitrosés des hydrocarbures, même halogénés""",29,"2020-08-31 07:24:26.558547","2020-08-31 07:24:26.558547",NULL,0,7
3853,"2014","201423","2905","2905 31 00",6,"""en""=>""Ethylene glycol \""ethanediol\"""", ""fr""=>""Éthylène glycol [éthanediol]""",29,"2020-08-31 07:24:26.558547","2020-08-31 07:24:26.558547",NULL,0,7
3875,NULL,NULL,"2906","2906",NULL,"""en""=>""Cyclic alcohols and their halogenated, sulphonated, nitrated or nitrosated derivatives"", ""fr""=>""Alcools cycliques et leurs dérivés halogénés, sulfonés, nitrés ou nitrosés""",29,"2020-08-31 07:24:26.558547","2020-08-31 07:24:26.558547",NULL,0,7
3884,NULL,NULL,"2907","2907",NULL,"""en""=>""Phenols; phenol-alcohols"", ""fr""=>""Phénols; phénols-alcools""",29,"2020-08-31 07:24:26.558547","2020-08-31 07:24:26.558547",NULL,0,7
3898,NULL,NULL,"2908","2908",NULL,"""en""=>""Halogenated, sulphonated, nitrated or nitrosated derivatives of phenols or phenol-alcohols"", ""fr""=>""Dérivés halogénés, sulfonés, nitrés ou nitrosés des phénols ou des phénols-alcools""",29,"2020-08-31 07:24:26.558547","2020-08-31 07:24:26.558547",NULL,0,7
3904,NULL,NULL,"2909","2909",NULL,"""en""=>""Ethers, ether-alcohols, ether-phenols, ether-alcohol-phenols, alcohol peroxides, ether peroxide, ketone peroxides, whether or not chemically defined, and their halogenated, sulphonated, nitrated or nitrosated derivatives"", ""fr""=>""Éthers, éthers-alcools, éthers-phénols, éthers-alcools-phénols, peroxydes d'alcools, peroxydes d'éthers, peroxydes de cétones, de constitution chimique définie ou non, et leurs dérivés halogénés, sulfonés, nitrés ou nitrosés""",29,"2020-08-31 07:24:26.558547","2020-08-31 07:24:26.558547",NULL,0,7
3927,"2014","201463","2910","2910 30 00",6,"""en""=>""1-Chloro-2,3-epoxypropane \""epichlorohydrin\"""", ""fr""=>""1-chloro-2,3-époxypropane «épichlorhydrine»""",29,"2020-08-31 07:24:26.558547","2020-08-31 07:24:26.558547",NULL,0,7
12254,"2014","201463","2911","2911 00",6,"""en""=>""Acetals and hemiacetals, whether or not with other oxygen function, and their halogenated, sulphonated, nitrated or nitrosated derivatives"", ""fr""=>""Acétals et hémi-acétals, même contenant d'autres fonctions oxygénées, et leurs dérivés halogénés, sulfonés, nitrés ou nitrosés""",29,"2020-09-17 09:06:10.164221","2020-09-17 09:06:10.164221",NULL,0,NULL
3934,"2014","201461","2912","2912 12 00",6,"""en""=>""Ethanal \""acetaldehyde\"""", ""fr""=>""Éthanal [acétaldéhyde]""",29,"2020-08-31 07:24:26.558547","2020-08-31 07:24:26.558547",NULL,0,7
12255,"2014","201461","2913","2913 00",6,"""en""=>""Halogenated, sulphonated, nitrated or nitrosated derivatives of cyclic polymers of aldehydes or paraformaldehyde"", ""fr""=>""Dérivés halogénés, sulfonés, nitrés ou nitrosés des aldéhydes, des polymères cycliques des aldéhydes ou du formaldéhyde""",29,"2020-09-17 09:06:10.164221","2020-09-17 09:06:10.164221",NULL,0,NULL
3945,"2014","201462","2914","2914 11 00",6,"""en""=>""Acetone"", ""fr""=>""Acétone""",29,"2020-08-31 07:24:26.558547","2020-08-31 07:24:26.558547",NULL,0,7
3967,NULL,NULL,"2915","2915",NULL,"""en""=>""Saturated acyclic monocarboxylic acids and their anhydrides, halides, peroxides and peroxyacids; their halogenated, sulphonated, nitrated or nitrosated derivatives"", ""fr""=>""Acides monocarboxyliques acycliques saturés et leurs anhydrides, halogénures, peroxydes et peroxyacides; leurs dérivés halogénés, sulfonés, nitrés ou nitrosés""",29,"2020-08-31 07:24:26.558547","2020-08-31 07:24:26.558547",NULL,0,7
4004,"2014","201433","2916","2916 32 00",6,"""en""=>""Benzoyl peroxide and benzoyl chloride"", ""fr""=>""Peroxyde de benzoyle et chlorure de benzoyle""",29,"2020-08-31 07:24:26.558547","2020-08-31 07:24:26.558547",NULL,0,7
4009,NULL,NULL,"2917","2917",NULL,"""en""=>""Polycarboxylic acids, their anhydrides, halides, peroxides and peroxyacids; their halogenated, sulphonated, nitrated or nitrosated derivatives"", ""fr""=>""Acides polycarboxyliques, leurs anhydrides, halogénures, peroxydes et peroxyacides; leurs dérivés halogénés, sulfonés, nitrés ou nitrosés""",29,"2020-08-31 07:24:26.558547","2020-08-31 07:24:26.558547",NULL,0,7
4036,"2014","201434","2918","2918 16 00",6,"""en""=>""Gluconic acid, its salts and esters"", ""fr""=>""Acide gluconique, ses sels et ses esters""",29,"2020-08-31 07:24:26.558547","2020-08-31 07:24:26.558547",NULL,0,7
4053,"2014","201453","2919","2919 10 00",6,"""en""=>""Tris\""2,3-dibromopropyl\"" phosphate"", ""fr""=>""Phosphate de tris(2,3-dibromopropyle)""",29,"2020-08-31 07:24:26.558547","2020-08-31 07:24:26.558547",NULL,0,7
4055,NULL,NULL,"2920","2920",NULL,"""en""=>""Esters of inorganic acids of non-metals and their salts; their halogenated, sulphonated, nitrated or nitrosated derivatives (excl. esters of hydrogen halides and of phosphoric esters, their salts and their halogenated, sulphonated, nitrated or nitrosated derivatives)"", ""fr""=>""Esters des acides inorganiques des non-métaux et leurs sels; leurs dérivés halogénés, sulfonés, nitrés ou nitrosés (à l’exclusion des esters des halogénures d’hydrogène et des esters phosphoriques, de leurs sels et de leurs dérivés halogénés, sulfonés, nitrés ou nitrosés)""",29,"2020-08-31 07:24:26.558547","2020-08-31 07:24:26.558547",NULL,0,7
4067,NULL,NULL,"2921","2921",NULL,"""en""=>""Amine-function compounds"", ""fr""=>""Composés à fonction amine""",29,"2020-08-31 07:24:26.558547","2020-08-31 07:24:26.558547",NULL,0,7
4098,"2014","201442","2922","2922 11 00",6,"""en""=>""Monoethanolamine and its salts"", ""fr""=>""Monoéthanolamine et ses sels""",29,"2020-08-31 07:24:26.558547","2020-08-31 07:24:26.558547",NULL,0,7
4118,NULL,NULL,"2923","2923",NULL,"""en""=>""Quaternary ammonium salts and hydroxides; lecithins and other phosphoaminolipids, whether or not chemically defined"", ""fr""=>""Sels et hydroxydes d'ammonium quaternaires; lécithines et autres phosphoaminolipides, de constitution chimique définie ou non""",29,"2020-08-31 07:24:26.558547","2020-08-31 07:24:26.558547",NULL,0,8
4133,"2110","211020","2924","2924 29 10",6,"""en""=>""Lidocaine \""INN\"""", ""fr""=>""Lidocaïne [DCI]""",29,"2020-08-31 07:24:26.558547","2020-08-31 07:24:26.558547",NULL,0,8
4135,NULL,NULL,"2925","2925",NULL,"""en""=>""Carboxyimide-function compounds, incl. saccharin and its salts, and imine-function compounds"", ""fr""=>""Composés à fonction carboxyimide, y.c. la saccharine et ses sels, ou à fonction imine""",29,"2020-08-31 07:24:26.558547","2020-08-31 07:24:26.558547",NULL,0,7
4143,NULL,NULL,"2926","2926",NULL,"""en""=>""Nitrile-function compounds"", ""fr""=>""Composés à fonction nitrile""",29,"2020-08-31 07:24:26.558547","2020-08-31 07:24:26.558547",NULL,0,7
12256,"2014","201444","2927","2927 00",6,"""en""=>""Diazo-, azo- or azoxy-compounds"", ""fr""=>""Composés diazoïques, azoïques ou azoxyques""",29,"2020-09-17 09:06:10.164221","2020-09-17 09:06:10.164221",NULL,0,NULL
4153,"2014","201444","2928","2928 00 10",6,"""en""=>""N,N-Bis\""2-methoxyethyl\""hydroxylamine"", ""fr""=>""N,N-Bis[2-méthoxyéthyl]hydroxylamine""",29,"2020-08-31 07:24:26.558547","2020-08-31 07:24:26.558547",NULL,0,7
4155,NULL,NULL,"2929","2929",NULL,"""en""=>""Compounds with other nitrogen function (excl. amine-function compounds; oxygen-function amino-compounds; quaternary ammonium salts and hydroxides; lecithin and other phosphoaminolipids; carboxyamide-function compounds; amide-function compounds of carbonic acid; carboxyimide-function, imine-function or nitrile-function compounds; diazo-, azo- or azoxy-compounds; organic derivatives of hydrazine or of hydroxylamine)"", ""fr""=>""Composés à fonctions azotées (sauf composés aminés à fonctions oxygénées, sels et hydroxydes organiques d'ammonium quaternaires, lécithines et autres phosphoaminolipides, composés à fonction amide de l'acide carbonique, composés à fonction amine, carboxyamide, carboxyimide, imine ou nitrile, composés diazoïques, azoïques ou azoxyques ainsi que les dérivés organiques de l'hydrazine ou de l'hydroxylamine)""",29,"2020-08-31 07:24:26.558547","2020-08-31 07:24:26.558547",NULL,0,7
4165,"2014","201451","2930","2930 70 00",6,"""en""=>""Bis(2-hydroxyethyl)sulfide (thiodiglycol (INN))"", ""fr""=>""Sulfure de bis(2-hydroxyéthyle) [thiodiglycol (DCI)]""",29,"2020-08-31 07:24:26.558547","2020-08-31 07:24:26.558547",NULL,0,7
4174,NULL,NULL,"2931","2931",NULL,"""en""=>""Separate chemically defined organo-inorganic compounds (excl. organo-sulphur compounds and those of mercury)"", ""fr""=>""Composés organo-inorganiques de constitution chimique définie présentés isolément (à l'excl. des thiocomposés organiques ainsi que du mercure)""",29,"2020-08-31 07:24:26.558547","2020-08-31 07:24:26.558547",NULL,0,7
4192,NULL,NULL,"2932","2932",NULL,"""en""=>""Heterocyclic compounds with oxygen hetero-atom[s] only"", ""fr""=>""Composés hétérocycliques à hétéroatome[s] d'oxygène exclusivement""",29,"2020-08-31 07:24:26.558547","2020-08-31 07:24:26.558547",NULL,0,7
4232,"2014","201452","2933","2933 41 00",6,"""en""=>""Levorphanol \""INN\"" and its salts"", ""fr""=>""Lévorphanol [DCI] et ses sels""",29,"2020-08-31 07:24:26.558547","2020-08-31 07:24:26.558547",NULL,0,7
4263,NULL,NULL,"2934","2934",NULL,"""en""=>""Nucleic acids and their salts, whether or not chemically defined; heterocyclic compounds (excl. with oxygen only or with nitrogen hetero-atom[s] only)"", ""fr""=>""Acides nucléiques et leurs sels, de constitution chimique définie ou non; composés hétérocycliques (à l'excl. des composés à hétéroatome[s] d'oxygène exclusivement ou à hétéroatome[s] d'azote exclusivement)""",29,"2020-08-31 07:24:26.558547","2020-08-31 07:24:26.558547",NULL,0,7
4275,NULL,NULL,"2935","2935",NULL,"""en""=>""Sulphonamides"", ""fr""=>""Sulfonamides""",29,"2020-08-31 07:24:26.558547","2020-08-31 07:24:26.558547",NULL,0,8
4288,"2110","211051","2936","2936 24 00",6,"""en""=>""D-Pantothenic or DL-pantothenic acid \""Vitamin B3 or B5\"" and their derivatives, used primarily as vitamins"", ""fr""=>""Acide D- ou DL-pantothénique [vitamine B3 ou vitamine B5] et ses dérivés utilisés principalement en tant que vitamines""",29,"2020-08-31 07:24:26.558547","2020-08-31 07:24:26.558547",NULL,0,8
4299,"2110","211052","2937","2937 21 00",6,"""en""=>""Cortisone, hydrocortisone, prednisone \""dehydrocortisone\"" and prednisolone \""dehydrohydrocortisone\"""", ""fr""=>""Cortisone, hydrocortisone, prednisone [déhydrocortisone] et prednisolone [déhydrohydrocortisone]""",29,"2020-08-31 07:24:26.558547","2020-08-31 07:24:26.558547",NULL,0,8
4305,NULL,NULL,"2938","2938",NULL,"""en""=>""Glycosides, natural or reproduced by synthesis, and their salts, ethers, esters and other derivatives"", ""fr""=>""Hétérosides, naturels ou reproduits par synthèse, leurs sels, leurs éthers, leurs esters et autres dérivés""",29,"2020-08-31 07:24:26.558547","2020-08-31 07:24:26.558547",NULL,0,8
4324,"2110","211053","2939","2939 62 00",6,"""en""=>""Ergotamine \""INN\"" and its salts"", ""fr""=>""Ergotamine [DCI] et ses sels""",29,"2020-08-31 07:24:26.558547","2020-08-31 07:24:26.558547",NULL,0,8
12257,"2110","211040","2940","2940 00",6,"""en""=>""Sugars, chemically pure (excl. sucrose, lactose, maltose, glucose and fructose); sugar ethers, sugar acetals and sugar esters, and their salts (excl. natural or reproduced by synthesis, provitamins, vitamins, hormones, glycosides, vegetable alkaloids and their salts, ethers, esters and other derivatives)"", ""fr""=>""Sucres chimiquement purs (à l'excl. du saccharose, du lactose, du maltose, du glucose et du fructose [lévulose]); éthers, acétals et esters de sucres et leurs sels (à l'excl. des provitamines, des vitamines, des hormones, des hétérosides et des alcaloïdes végétaux, naturels ou reproduits par synthèse, ainsi que de leurs sels, éthers, esters et autres dérivés)""",29,"2020-09-17 09:06:10.164221","2020-09-17 09:06:10.164221",NULL,0,NULL
4334,"2110","211054","2941","2941 10 00",6,"""en""=>""Penicillins and their derivatives with a penicillanic acid structure; salts thereof"", ""fr""=>""Pénicillines et leurs dérivés, à structure d'acide pénicillanique; sels de ces produits""",29,"2020-08-31 07:24:26.558547","2020-08-31 07:24:26.558547",NULL,0,8
12258,"2014","201464","2942","2942 00",6,"""en""=>""Separate chemically defined organic compounds, n.e.s."", ""fr""=>""Composés organiques de constitution chimique définie présentés isolément, n.d.a.""",29,"2020-09-17 09:06:10.164221","2020-09-17 09:06:10.164221",NULL,0,NULL
4343,NULL,NULL,"3001","3001",NULL,"""en""=>""Dried glands and other organs for organo-therapeutic uses, whether or not powdered; extracts of glands or other organs or their secretions, for organo-therapeutic uses; heparin and its salts; other human or animal substances prepared for therapeutic or prophylactic uses, n.e.s."", ""fr""=>""Glandes et autres organes à usages opothérapiques, à l'état desséché, même pulvérisés; extraits, à usages opothérapiques, de glandes ou d'autres organes ou de leurs sécrétions; héparine et ses sels; autres substances humaines ou animales préparées à des fins thérapeutiques ou prophylactiques, n.d.a.""",30,"2020-08-31 07:24:26.558547","2020-08-31 07:24:26.558547",NULL,0,8
4359,"2120","212021","3002","3002 30 00",6,"""en""=>""Vaccines for veterinary medicine"", ""fr""=>""Vaccins pour la médecine vétérinaire""",30,"2020-08-31 07:24:26.558547","2020-08-31 07:24:26.558547",NULL,0,8
4365,NULL,NULL,"3003","3003",NULL,"""en""=>""Medicaments consisting of two or more constituents mixed together for therapeutic or prophylactic uses, not in measured doses or put up for retail sale (excl. goods of heading 3002, 3005 or 3006)"", ""fr""=>""Médicaments (à l'excl. des produits des n° 3002, 3005 ou 3006) constitués par des produits mélangés entre eux, préparés à des fins thérapeutiques ou prophylactiques, mais ni présentés sous forme de doses, ni conditionnés pour la vente au détail""",30,"2020-08-31 07:24:26.558547","2020-08-31 07:24:26.558547",NULL,0,8
4376,NULL,NULL,"3004","3004",NULL,"""en""=>""Medicaments consisting of mixed or unmixed products for therapeutic or prophylactic uses, put up in measured doses \""incl. those for transdermal administration\"" or in forms or packings for retail sale (excl. goods of heading 3002, 3005 or 3006)"", ""fr""=>""Médicaments (à l'excl. des produits des n° 3002, 3005 ou 3006) constitués par des produits mélangés ou non mélangés, préparés à des fins thérapeutiques ou prophylactiques, présentés sous forme de doses [y.c. ceux destinés à être administrés par voie percutanée] ou conditionnés pour la vente au détail""",30,"2020-08-31 07:24:26.558547","2020-08-31 07:24:26.558547",NULL,0,8
4389,NULL,NULL,"3005","3005",NULL,"""en""=>""Wadding, gauze, bandages and the like, e.g. dressings, adhesive plasters, poultices, impregnated or covered with pharmaceutical substances or put up for retail sale for medical, surgical, dental or veterinary purposes"", ""fr""=>""Ouates, gazes, bandes et articles analogues [pansements, sparadraps, sinapismes, p.ex.], imprégnés ou recouverts de substances pharmaceutiques ou conditionnés pour la vente au détail à des fins médicales, chirurgicales, dentaires ou vétérinaires""",30,"2020-08-31 07:24:26.558547","2020-08-31 07:24:26.558547",NULL,0,8
4398,"2120","212024","3006","3006 10 10",6,"""en""=>""Sterile surgical catgut"", ""fr""=>""Catguts stériles""",30,"2020-08-31 07:24:26.558547","2020-08-31 07:24:26.558547",NULL,0,8
12259,"2015","201580","3101","3101 00",6,"""en""=>""Animal or vegetable fertilisers, whether or not mixed together or chemically treated; fertilisers produced by the mixing or chemical treatment of animal or vegetable products (excl. those in tablets or similar forms, or in packages with a gross weight of <= 10 kg)"", ""fr""=>""Engrais d'origine animale ou végétale, même mélangés entre eux ou traités chimiquement; engrais résultant du mélange ou du traitement chimique de produits d'origine animale ou végétale (à l'excl. des produits présentés soit en tablettes ou formes simil., soit en emballages d'un poids brut <= 10 kg)""",31,"2020-09-17 09:06:10.164221","2020-09-17 09:06:10.164221",NULL,0,NULL
4417,"2015","201533","3102","3102 30 10",6,"""en""=>""Ammonium nitrate in aqueous solution (excl. that in packages with a gross weight of <= 10 kg)"", ""fr""=>""Nitrate d'ammonium, en solution aqueuse (à l'excl. des produits présentés en emballages d'un poids brut <= 10 kg)""",31,"2020-08-31 07:24:26.558547","2020-08-31 07:24:26.558547",NULL,0,7
4426,NULL,NULL,"3103","3103",NULL,"""en""=>""Mineral or chemical phosphatic fertilisers (excl. those in tablets or similar forms, or in packages with a gross weight of <= 10 kg)"", ""fr""=>""Engrais minéraux ou chimiques phosphatés (à l'excl. des produits présentés soit en tablettes ou formes simil., soit en emballages d'un poids brut <= 10 kg)""",31,"2020-08-31 07:24:26.558547","2020-08-31 07:24:26.558547",NULL,0,7
4435,"2015","201552","3104","3104 30 00",6,"""en""=>""Potassium sulphate (excl. that in tablets or similar forms, or in packages with a gross weight of <= 10 kg)"", ""fr""=>""Sulfate de potassium (à l'excl. des produits présentés soit en tablettes ou formes simil., soit en emballages d'un poids brut <= 10 kg)""",31,"2020-08-31 07:24:26.558547","2020-08-31 07:24:26.558547",NULL,0,7
4437,NULL,NULL,"3105","3105",NULL,"""en""=>""Mineral or chemical fertilisers containing two or three of the fertilising elements nitrogen, phosphorus and potassium; other fertilisers (excl. pure animal or vegetable fertilisers or mineral or chemical nitrogenous, phosphatic or potassic fertilisers); animal, vegetable, mineral or chemical fertilisers in tablets or similar forms or in packages of a gross weight of <= 10 kg"", ""fr""=>""Engrais minéraux ou chimiques contenant deux ou trois des éléments fertilisants : azote, phosphore et potassium; autres engrais (sauf engrais d'origine uniquement animale ou végétale; engrais minéraux ou chimiques azotés, phosphatés ou potassiques); engrais d'origine animale ou végétale et engrais minéraux ou chimiques, présentés soit en tablettes ou formes simil., soit en emballages d'un poids brut <= 10 kg""",31,"2020-08-31 07:24:26.558547","2020-08-31 07:24:26.558547",NULL,0,7
4451,"2012","201222","3201","3201 10 00",6,"""en""=>""Quebracho extract"", ""fr""=>""Extrait de quebracho""",32,"2020-08-31 07:24:26.558547","2020-08-31 07:24:26.558547",NULL,0,7
4456,NULL,NULL,"3202","3202",NULL,"""en""=>""Synthetic organic tanning substances; inorganic tanning substances; tanning preparations, whether or not containing natural tanning substances; enzymatic preparations for pre-tanning"", ""fr""=>""Produits tannants organiques synthétiques; produits tannants inorganiques; préparations tannantes, même contenant des produits tannants naturels; préparations enzymatiques pour le prétannage""",32,"2020-08-31 07:24:26.558547","2020-08-31 07:24:26.558547",NULL,0,7
4460,"2012","201222","3203","3203 00 10",6,"""en""=>""Dyes of vegetable origin, incl. dye extracts, whether or not chemically defined; preparations based on dyes of vegetable origin of a kind used to dye fabrics or produce colorant preparations (excl. preparations of heading 3207, 3208, 3209, 3210, 3213 and 3215)"", ""fr""=>""Matières colorantes d'origine végétale, y.c. les extraits tinctoriaux, même de constitution chimique définie; préparations à base de matières colorantes d'origine végétale, des types utilisés pour colorer toute matière ou bien destinées à entrer comme ingrédients dans la fabrication de préparations colorantes (à l'excl. des préparations des n° 3207, 3208, 3209, 3210, 3212, 3213 et 3215)""",32,"2020-08-31 07:24:26.558547","2020-08-31 07:24:26.558547",NULL,0,7
4462,NULL,NULL,"3204","3204",NULL,"""en""=>""Synthetic organic colouring matter, whether or not chemically defined; preparations based on synthetic organic colouring matter of a kind used to dye fabrics or produce colorant preparations; synthetic organic products of a kind used as fluorescent brightening agents or as luminophores, whether or not chemically defined (excl. preparations of heading 3207, 3208, 3209, 3210, 3213 and 3215)"", ""fr""=>""Matières colorantes organiques synthétiques; préparations à base de matières colorantes organiques synthétiques des types utilisés pour colorer toute matière ou destinées à entrer comme ingrédients dans la fabrication de préparations colorantes (à l'excl. des préparations des n° 3207, 3208, 3209, 3210, 3212, 3213 et 3215); produits organiques synthétiques des types utilisés comme agents d'avivage fluorescents ou comme luminophores""",32,"2020-08-31 07:24:26.558547","2020-08-31 07:24:26.558547",NULL,0,7
12260,"2012","201221","3205","3205 00",6,"""en""=>""Colour lakes (other than Chinese or Japanese lacquer and paints); preparations based on colour lakes of a kind used to dye fabrics or produce colorant preparations (excl. preparations of heading 3207, 3208, 3209, 3210, 3213 and 3215)"", ""fr""=>""Laques colorantes (à l'excl. des laques de Chine ou du Japon et des peintures laquées); préparations à base de laques colorantes, des types utilisés pour colorer toute matière ou bien destinées à entrer comme ingrédients dans la fabrication de préparations colorantes (à l'excl. des préparations des n° 3207, 3208, 3209, 3210, 3212, 3213 et 3215)""",32,"2020-09-17 09:06:10.164221","2020-09-17 09:06:10.164221",NULL,0,NULL
4481,"2012","201224","3206","3206 49 10",6,"""en""=>""Magnetite, fine-ground"", ""fr""=>""Magnétite, finement moulue""",32,"2020-08-31 07:24:26.558547","2020-08-31 07:24:26.558547",NULL,0,7
4484,NULL,NULL,"3207","3207",NULL,"""en""=>""Prepared pigments, prepared opacifiers and prepared colours, vitrifiable enamels and glazes, engobes, liquid lustres and similar preparations of a kind used in the ceramic, enamelling or glass industry; glass frit and other glass in the form of powder, granules or flakes"", ""fr""=>""Pigments, opacifiants et couleurs préparés, compositions vitrifiables, engobes, lustres liquides et préparations simil., des types utilisés pour la céramique, l'émaillerie ou la verrerie; frittes de verre et autres verres, sous forme de poudre, de grenailles, de lamelles ou de flocons""",32,"2020-08-31 07:24:26.558547","2020-08-31 07:24:26.558547",NULL,0,7
4496,"2030","203012","3208","3208 10 90",6,"""en""=>""Paints and varnishes, incl. enamels and lacquers, based on polyesters, dispersed or dissolved in a non-aqueous medium"", ""fr""=>""Peintures et vernis à base de polyesters, dispersés ou dissous dans un milieu non aqueux""",32,"2020-08-31 07:24:26.558547","2020-08-31 07:24:26.558547",NULL,0,7
4506,NULL,NULL,"3209","3209",NULL,"""en""=>""Paints and varnishes, incl. enamels and lacquers, based on synthetic polymers or chemically modified natural polymers, dispersed or dissolved in an aqueous medium"", ""fr""=>""Peintures et vernis à base de polymères synthétiques ou de polymères naturels modifiés, dispersés ou dissous dans un milieu aqueux""",32,"2020-08-31 07:24:26.558547","2020-08-31 07:24:26.558547",NULL,0,7
4510,"2030","203022","3210","3210 00 10",6,"""en""=>""Oil paints and varnishes, incl. enamels and lacquers"", ""fr""=>""Peintures et vernis à l'huile""",32,"2020-08-31 07:24:26.558547","2020-08-31 07:24:26.558547",NULL,0,7
12261,"2030","203022","3211","3211 00",6,"""en""=>""Prepared driers"", ""fr""=>""Siccatifs préparés""",32,"2020-09-17 09:06:10.164221","2020-09-17 09:06:10.164221",NULL,0,NULL
4513,NULL,NULL,"3212","3212",NULL,"""en""=>""Pigments, incl. metallic powders and flakes, dispersed in non-aqueous media, in liquid or paste form, of a kind used in the manufacture of paints; stamping foils of a kind used in the printing of book bindings or hatband leather; colorants and other colouring matter, n.e.s. put up for retail sale"", ""fr""=>""Pigments, y.c. les poudres et flocons métalliques, dispersés dans des milieux non aqueux, sous forme de liquide ou de pâte, des types utilisés pour la fabrication de peintures; feuilles pour le marquage au fer, des types utilisés pour le marquage des reliures, des cuirs ou coiffes de chapeaux; teintures et matières colorantes, n.d.a., présentées dans des formes ou emballages pour la vente au détail""",32,"2020-08-31 07:24:26.558547","2020-08-31 07:24:26.558547",NULL,0,7
4516,NULL,NULL,"3213","3213",NULL,"""en""=>""Artist's, student's or signboard painter's colours, modifying tints, amusement colours and the like, in tablets, tubes, jars, bottles, pans or similar packages"", ""fr""=>""Couleurs pour la peinture artistique, l'enseignement, la peinture des enseignes, la modification des nuances, l'amusement et couleurs simil., en pastilles, tubes, pots, flacons, godets ou conditionnements simil.""",32,"2020-08-31 07:24:26.558547","2020-08-31 07:24:26.558547",NULL,0,7
4519,NULL,NULL,"3214","3214",NULL,"""en""=>""Glaziers' putty, grafting putty, resin cements, caulking compounds and other mastics; painters' fillings; non-refractory surfacing preparations for façades, indoor walls, floors, ceilings or the like"", ""fr""=>""Mastic de vitrier, ciments de résine et autres mastics; enduits utilisés en peinture; enduits non réfractaires des types utilisés en maçonnerie""",32,"2020-08-31 07:24:26.558547","2020-08-31 07:24:26.558547",NULL,0,7
4524,NULL,NULL,"3215","3215",NULL,"""en""=>""Printing ink, writing or drawing ink and other inks, whether or not concentrated or solid"", ""fr""=>""Encres d'imprimerie, encres à écrire ou à dessiner et autres encres, même concentrées ou sous formes solides""",32,"2020-08-31 07:24:26.558547","2020-08-31 07:24:26.558547",NULL,0,7
4532,"2053","205310","3301","3301 12 10",6,"""en""=>""Terpenic oils of sweet and bitter orange, incl. concretes and absolutes (excl. orange-flower oil)"", ""fr""=>""Huiles essentielles d'orange, non déterpénées, y.c. celles dites 'concrètes' ou 'absolues' (à l'excl. des essences de fleurs d'oranger)""",33,"2020-08-31 07:24:26.558547","2020-08-31 07:24:26.558547",NULL,0,7
4567,"2053","205310","3302","3302 90 10",6,"""en""=>""Mixtures of odoriferous substances and mixtures based on one or more of these substances, of a kind used as raw materials in industry, as alcoholic solutions (excl. the food and drink industries)"", ""fr""=>""Mélanges de substances odoriférantes et mélanges à base d'une ou de plusieurs de ces substances, des types utilisés comme matières de base pour l'industrie, en solutions alcooliques (à l'excl. des mélanges des types utilisés pour les industries alimentaires ou des boissons)""",33,"2020-08-31 07:24:26.558547","2020-08-31 07:24:26.558547",NULL,0,7
4570,"2042","204211","3303","3303 00 10",6,"""en""=>""Perfumes (excl. aftershave lotions and personal deodorants)"", ""fr""=>""Parfums (à l'excl. des préparations pour l'après-rasage [lotions after-shave] et des désodorisants corporels)""",33,"2020-08-31 07:24:26.558547","2020-08-31 07:24:26.558547",NULL,0,7
4572,NULL,NULL,"3304","3304",NULL,"""en""=>""Beauty or make-up preparations and preparations for the care of the skin, incl. sunscreen or suntan preparations (excl. medicaments); manicure or pedicure preparations"", ""fr""=>""Produits de beauté ou de maquillage préparés et préparations pour l'entretien ou les soins de la peau (autres que les médicaments), y.c. les préparations antisolaires et les préparations pour bronzer; préparations pour manucures ou pédicures""",33,"2020-08-31 07:24:26.558547","2020-08-31 07:24:26.558547",NULL,0,7
4578,NULL,NULL,"3305","3305",NULL,"""en""=>""Preparations for use on the hair"", ""fr""=>""Préparations capillaires""",33,"2020-08-31 07:24:26.558547","2020-08-31 07:24:26.558547",NULL,0,7
4583,NULL,NULL,"3306","3306",NULL,"""en""=>""Preparations for oral or dental hygiene, incl. denture fixative pastes and powders; yarn used to clean between the teeth \""dental floss\"", in individual retail packages"", ""fr""=>""Préparations pour l'hygiène buccale ou dentaire, y.c. les poudres et crèmes pour faciliter l'adhérence des dentiers; fils utilisés pour nettoyer les espaces intermédiaires [fils dentaires], en emballages individuels de détail""",33,"2020-08-31 07:24:26.558547","2020-08-31 07:24:26.558547",NULL,0,7
4588,"2042","204219","3307","3307 10 00",6,"""en""=>""Shaving preparations, incl. pre-shave and aftershave products"", ""fr""=>""Préparations pour le prérasage, le rasage ou l'après-rasage""",33,"2020-08-31 07:24:26.558547","2020-08-31 07:24:26.558547",NULL,0,7
4594,NULL,NULL,"3401","3401",NULL,"""en""=>""Soap; organic surface-active products and preparations for use as soap, in the form of bars, cakes, moulded pieces or shapes, whether or not containing soap; organic surface-active products and preparations for washing the skin, in the form of liquid or cream and put up for retail sale, whether or not containing soap; paper, wadding, felt and nonwovens, impregnated, coated or covered with soap or detergent"", ""fr""=>""Savons; produits et préparations organiques tensio-actifs à usage de savon, en barres, en pains, en morceaux ou en sujets frappés, même contenant du savon; produits et préparations organiques tensio-actifs destinés au lavage de la peau, sous forme de liquide ou de crème, conditionnés pour la vente au détail, même contenant  du savon; papier, ouates, feutres et nontissés, imprégnés, enduits ou recouverts de savon ou de détergents""",34,"2020-08-31 07:24:26.558547","2020-08-31 07:24:26.558547",NULL,0,7
4601,NULL,NULL,"3402","3402",NULL,"""en""=>""Organic surface-active agents (excl. soap); surface-active preparations, washing preparations, incl. auxiliary washing preparations, and cleaning preparations, whether or not containing soap (excl. those of heading 3401)"", ""fr""=>""Agents de surface organiques (autres que les savons); préparations tensio-actives, préparations pour lessives, y.c. les préparations auxiliaires de lavage, et préparations de nettoyage, même contenant du savon (à l'excl. des préparations du n° 3401)""",34,"2020-08-31 07:24:26.558547","2020-08-31 07:24:26.558547",NULL,0,7
4614,NULL,NULL,"3403","3403",NULL,"""en""=>""Lubricant preparations, incl. cutting-oil preparations, bolt or nut release preparations, anti-rust or anti-corrosion preparations and mould-release preparations based on lubricants; textile lubricant preparations and preparations of a kind used for the oil or grease treatment of textile materials, leather, furskins or other materials (excl. preparations containing, as basic constituents, >= 70% petroleum oil or bituminous mineral oil by weight)"", ""fr""=>""Préparations lubrifiantes, y.c. huiles de coupe, préparations pour le dégrippage des écrous, préparations antirouille ou anticorrosion, préparations pour le démoulage, à base de lubrifiants, et préparations utilisées pour l'ensimage des matières textiles, l'huilage ou le graissage du cuir, des pelleteries et autres matières (sauf celles contenant comme constituants de base >= 70% en poids d'huiles de pétrole ou de minéraux bitumineux)""",34,"2020-08-31 07:24:26.558547","2020-08-31 07:24:26.558547",NULL,0,7
4623,"2041","204142","3404","3404 20 00",6,"""en""=>""Poly\""oxyethylene\"" [polyethylene glycol] waxes"", ""fr""=>""Cires de poly'oxyéthylène' [polyéthylèneglycol]""",34,"2020-08-31 07:24:26.558547","2020-08-31 07:24:26.558547",NULL,0,7
4628,"2041","204143","3405","3405 30 00",6,"""en""=>""Polishes and similar preparations for coachwork, whether or not in the form of paper, wadding, felt, nonwovens, cellular plastics or cellular rubber, impregnated, coated or covered with such preparations (excl. artificial and prepared waxes of heading 3404 and metal polishes)"", ""fr""=>""Brillants et préparations simil. pour carrosseries, même sous forme de papier, ouates, feutres, nontissés, matière plastique ou caoutchouc alvéolaires, imprégnés, enduits ou recouverts de ces préparations (à l'excl. des brillants pour métaux et des cires artificielles et préparées du n° 3404)""",34,"2020-08-31 07:24:26.558547","2020-08-31 07:24:26.558547",NULL,0,7
12262,"3299","329954","3406","3406 00",6,"""en""=>""Candles, tapers and the like"", ""fr""=>""Bougies, chandelles, cierges et articles simil.""",34,"2020-09-17 09:06:10.164221","2020-09-17 09:06:10.164221",NULL,0,NULL
12263,"2059","205952","3407","3407 00",6,"""en""=>""Modelling pastes, incl. those put up for children's amusement; preparations known as \""dental wax\"" or as \""dental impression compounds\"", put up in sets, in packings for retail sale or in plates, horseshoe shapes, sticks or similar forms; other preparations for use in dentistry, with a basis of plaster \""of calcined gypsum or calcium sulphate\"""", ""fr""=>""Pâtes à modeler, y.c. celles présentées pour l'amusement des enfants; compositions dites 'cires pour l'art dentaire' présentées en assortiments, dans des emballages de vente au détail ou en plaquettes, fers à cheval, bâtonnets ou sous des formes simil.; autres compositions pour l'art dentaire, à base de plâtre""",34,"2020-09-17 09:06:10.164221","2020-09-17 09:06:10.164221",NULL,0,NULL
4635,NULL,NULL,"3501","3501",NULL,"""en""=>""Casein, caseinates and other casein derivatives; casein glues (excl. those packaged as glue for retail sale and weighing net <= 1 kg)"", ""fr""=>""Caséines, caséinates et autres dérivés des caséines; colles de caséine (à l'excl. des produits conditionnés pour la vente au détail comme colles et d'un poids net <= 1 kg)""",35,"2020-08-31 07:24:26.558547","2020-08-31 07:24:26.558547",NULL,0,3
4649,"1089","108912","3502","3502 19 90",6,"""en""=>""Egg albumin, fit for human consumption (excl. dried [e.g. in sheets, flakes, crystals, powder])"", ""fr""=>""Ovalbumine, propre à l'alimentation humaine (à l'excl. de l'ovalbumine séchée [en feuilles, écailles, cristaux, poudres, etc.])""",35,"2020-08-31 07:24:26.558547","2020-08-31 07:24:26.558547",NULL,0,3
4659,"2059","205960","3503","3503 00 10",6,"""en""=>""Gelatin, whether or not in square or rectangular sheets, whether or not surface-worked or coloured, and derivatives thereof (excl. impure gelatins)"", ""fr""=>""Gélatines, y.c. celles présentées en feuilles de forme carrée ou rectangulaire, même ouvrées en surface ou colorées, et leurs dérivés (à l'excl. des gélatines impures)""",35,"2020-08-31 07:24:26.558547","2020-08-31 07:24:26.558547",NULL,0,7
4662,"2059","205951","3504","3504 00 10",6,"""en""=>""Concentrated milk proteins with a protein content > 85 % by weight, calculated on the dry matter"", ""fr""=>""Concentrés de protéines du lait contenant, en poids calculé sur matière sèche, > 85 % de protéines""",35,"2020-08-31 07:24:26.558547","2020-08-31 07:24:26.558547",NULL,0,7
4664,NULL,NULL,"3505","3505",NULL,"""en""=>""Dextrins and other modified starches, e.g. pregelatinised or esterified starches; glues based on starches, dextrins or other modified starches (excl. those put up for retail sale and weighing net <= 1 kg)"", ""fr""=>""Dextrine et autres amidons et fécules modifiés [les amidons et fécules pré-gélatinisés ou estérifiés, p.ex.]; colles à base d'amidons ou de fécules, de dextrine ou d'autres amidons ou fécules modifiés (à l'excl. des produits conditionnés pour la vente au détail d'un poids net <= 1 kg)""",35,"2020-08-31 07:24:26.558547","2020-08-31 07:24:26.558547",NULL,0,7
4674,NULL,NULL,"3506","3506",NULL,"""en""=>""Prepared glues and other prepared adhesives, n.e.s.; products suitable for use as glues or adhesives, put up for retail sale as glues or adhesives, and weighing net <= 1 kg"", ""fr""=>""Colles et autres adhésifs préparés, n.d.a.; produits de toute espèce à usage de colles ou d'adhésifs, conditionnés pour la vente au détail comme colles ou adhésifs, d'un poids net <= 1 kg""",35,"2020-08-31 07:24:26.558547","2020-08-31 07:24:26.558547",NULL,0,7
4680,NULL,NULL,"3507","3507",NULL,"""en""=>""Enzymes; prepared enzymes, n.e.s."", ""fr""=>""Enzymes; enzymes préparées, n.d.a.""",35,"2020-08-31 07:24:26.558547","2020-08-31 07:24:26.558547",NULL,0,7
12264,"2051","205111","3601","3601 00",6,"""en""=>""Propellent powders"", ""fr""=>""Poudres propulsives""",36,"2020-09-17 09:06:10.164221","2020-09-17 09:06:10.164221",NULL,0,NULL
12265,"2051","205111","3602","3602 00",6,"""en""=>""Prepared explosives (excl. propellent powders)"", ""fr""=>""Explosifs préparés (à l'excl. des poudres propulsives)""",36,"2020-09-17 09:06:10.164221","2020-09-17 09:06:10.164221",NULL,0,NULL
4688,"2051","205112","3603","3603 00 20",6,"""en""=>""Safety fuses"", ""fr""=>""Mèches de sûreté""",36,"2020-08-31 07:24:26.558547","2020-08-31 07:24:26.558547",NULL,0,7
4694,NULL,NULL,"3604","3604",NULL,"""en""=>""Fireworks, signalling flares, rain rockets, fog signals and other pyrotechnic articles (excl. cartridge blanks)"", ""fr""=>""Articles pour feux d'artifice, fusées de signalisation ou paragrêles et simil., pétards et autres articles de pyrotechnie (à l'excl. des cartouches à blanc)""",36,"2020-08-31 07:24:26.558547","2020-08-31 07:24:26.558547",NULL,0,7
12266,"2051","205120","3605","3605 00",6,"""en""=>""Matches (excl. pyrotechnic articles of heading 3604)"", ""fr""=>""Allumettes (autres que les articles de pyrotechnie du n° 3604)""",36,"2020-09-17 09:06:10.164221","2020-09-17 09:06:10.164221",NULL,0,NULL
4698,NULL,NULL,"3606","3606",NULL,"""en""=>""Ferro-cerium and other pyrophoric alloys in all forms; metaldehyde, hexamethylenetetramine and similar products in tablets, sticks or similar forms, for use as fuel; alcohol-based fuels and prepared fuels of a similar kind, solid or in paste form; liquid gases and liquid fuels for lighters or igniters, in containers of <= 300 cc; resin torches, firelighters and the like"", ""fr""=>""Ferrocérium et autres alliages pyrophoriques; métaldéhyde, hexaméthylènetétramine et produits simil., présentés en tablettes ou formes simil. et utilisés comme combustibles; combustibles à base d'alcool présentés à l'état solide ou pâteux; combustibles liquides et gaz combustibles liquéfiés utilisés pour les briquets ou les allumeurs et d'une capacité <= 300 cm³; torches et flambeaux de résine, allume-feu et articles simil.""",36,"2020-08-31 07:24:26.558547","2020-08-31 07:24:26.558547",NULL,0,15
4705,"2059","205911","3701","3701 20 00",6,"""en""=>""Instant print film in the flat, sensitised, unexposed, whether or not in packs"", ""fr""=>""Films photographiques plans à développement et tirage instantanés, sensibilisés, non impressionnés, même en chargeurs""",37,"2020-08-31 07:24:26.558547","2020-08-31 07:24:26.558547",NULL,0,7
4709,NULL,NULL,"3702","3702",NULL,"""en""=>""Photographic film in rolls, sensitised, unexposed, of any material other than paper, paperboard or textiles; instant print film in rolls, sensitised, unexposed"", ""fr""=>""Pellicules photographiques sensibilisées, non impressionnées, en rouleaux, en autres matières que le papier, le carton ou les textiles; pellicules photographiques à développement et tirage instantanés en rouleaux, sensibilisées, non impressionnées""",37,"2020-08-31 07:24:26.558547","2020-08-31 07:24:26.558547",NULL,0,7
4735,NULL,NULL,"3703","3703",NULL,"""en""=>""Photographic paper, paperboard and textiles, sensitised, unexposed"", ""fr""=>""Papiers, cartons et textiles, photographiques, sensibilisés, non impressionnés""",37,"2020-08-31 07:24:26.558547","2020-08-31 07:24:26.558547",NULL,0,7
4740,"7420","742011","3704","3704 00 10",6,"""en""=>""Photographic plates and film, exposed but not developed (excl. products made of paper, paperboard or textiles)"", ""fr""=>""Plaques, pellicules et films, photographiques, impressionnés mais non développés (à l'excl. des produits en papier, en carton ou en matières textiles)""",37,"2020-08-31 07:24:26.558547","2020-08-31 07:24:26.558547",NULL,0,19
4744,"7420","742019","3705","3705 00 90",6,"""en""=>""Photographic plates and film, exposed and developed (excl. products made of paper, paperboard or textiles, for offset reproduction and cinematographic film and ready-to-use printing plates)"", ""fr""=>""Plaques et pellicules, photographiques, impressionnées et développées (à l’exclusion des films cinématographiques, des plaques d’impression prêtes à l’emploi, des pellicules pour la reproduction offset ainsi que des produits en papier, en carton ou en matières textiles)""",37,"2020-08-31 07:24:26.558547","2020-08-31 07:24:26.558547",NULL,0,19
4748,"5911","591122","3706","3706 10 99",6,"""en""=>""Positives of cinematographic film, exposed and developed, whether or not incorporating soundtrack, width >= 35 mm (excl. intermediate positives, and consisting only of soundtrack)"", ""fr""=>""Positifs de films cinématographiques, impressionnés et développés, comportant ou non l’enregistrement du son, d’une largeur >= 35 mm (à l’excl. des films positifs intermédiaires de travail, ne comportant que l'enregistrement du son)""",37,"2020-08-31 07:24:26.558547","2020-08-31 07:24:26.558547",NULL,0,19
4753,NULL,NULL,"3707","3707",NULL,"""en""=>""Chemical preparations for photographic uses (excl. varnishes, glues, adhesives and similar preparations); unmixed products for photographic uses, in measured doses or put up for retail sale ready for use (excl. salts, precious-metal compounds and products of heading 2843 to 2846)"", ""fr""=>""Préparations chimiques pour usages photographiques (autres que les vernis, colles, adhésifs et préparations simil.); produits non mélangés, soit dosés en vue d'usages photographiques, soit conditionnés pour la vente au détail pour ces mêmes usages et prêts à l'emploi (à l'excl. des sels et composés de métaux précieux, etc., des n° 2843 à 2846)""",37,"2020-08-31 07:24:26.558547","2020-08-31 07:24:26.558547",NULL,0,7
4758,NULL,NULL,"3801","3801",NULL,"""en""=>""Artificial graphite; colloidal or semi-colloidal graphite; preparations based on graphite or other carbon in the form of pastes, blocks, plates or other semi-manufactures"", ""fr""=>""Graphite artificiel; graphite colloïdal ou semi-colloïdal; préparations à base de graphite ou d'autre carbone, sous forme de pâtes, blocs, plaquettes ou d'autres demi-produits""",38,"2020-08-31 07:24:26.558547","2020-08-31 07:24:26.558547",NULL,0,9
4765,NULL,NULL,"3802","3802",NULL,"""en""=>""Activated carbon; activated natural mineral products; animal black, whether or not spent"", ""fr""=>""Charbons activés; matières minérales naturelles activées; noirs d'origine animale, y.c. le noir animal épuisé""",38,"2020-08-31 07:24:26.558547","2020-08-31 07:24:26.558547",NULL,0,7
12599,NULL,NULL,"3803","3803",NULL,"""en""=>""Tall oil, whether or not refined"", ""fr""=>""Tall oil, même raffiné""",38,"2020-09-17 09:06:10.164221","2020-09-17 09:06:10.164221",NULL,0,7
12267,"2014","201480","3804","3804 00",6,"""en""=>""Residual lyes from the manufacture of wood pulp, whether or not concentrated, desugared or chemically treated, incl. lignin sulphonates (excl. tall oil, sodium hydroxide \""caustic soda\"" and sulphate pitch)"", ""fr""=>""Lessives résiduaires de la fabrication des pâtes de cellulose, même concentrées, désucrées ou traitées chimiquement, y.c. les lignosulfonates (à l'excl. du tall oil, de la soude caustique et de la poix de sulfate [poix de tall oil])""",38,"2020-09-17 09:06:10.164221","2020-09-17 09:06:10.164221",NULL,0,NULL
4774,"2014","201471","3805","3805 10 10",6,"""en""=>""Gum turpentine"", ""fr""=>""Essence de térébenthine""",38,"2020-08-31 07:24:26.558547","2020-08-31 07:24:26.558547",NULL,0,7
4780,NULL,NULL,"3806","3806",NULL,"""en""=>""Rosin, resin acids and derivatives thereof; rosin spirit and rosin oils; run gums"", ""fr""=>""Colophanes et acides résiniques, et leurs dérivés; essence de colophane et huiles de colophane; gommes fondues""",38,"2020-08-31 07:24:26.558547","2020-08-31 07:24:26.558547",NULL,0,7
4786,"2014","201471","3807","3807 00 10",6,"""en""=>""Wood tar"", ""fr""=>""Goudrons de bois""",38,"2020-08-31 07:24:26.558547","2020-08-31 07:24:26.558547",NULL,0,7
4788,NULL,NULL,"3808","3808",NULL,"""en""=>""Insecticides, rodenticides, fungicides, herbicides, anti-sprouting products and plant-growth regulators, disinfectants and similar products, put up for retail sale or as preparations or articles, e.g. sulphur-treated bands, wicks and candles, and fly-papers"", ""fr""=>""Insecticides, antirongeurs, fongicides, herbicides, inhibiteurs de germination et régulateurs de croissance pour plantes, désinfectants et produits simil., présentés dans des formes ou emballages de vente au détail ou à l'état de préparations ou sous forme d'articles tels que rubans, mèches et bougies soufrés et papier tue-mouches""",38,"2020-08-31 07:24:26.558547","2020-08-31 07:24:26.558547",NULL,0,7
4825,NULL,NULL,"3809","3809",NULL,"""en""=>""Finishing agents, dye carriers to accelerate the dyeing or fixing of dyestuffs and other products and preparations such as dressings and mordants of a kind used in the textile, paper, leather or like industries, n.e.s."", ""fr""=>""Agents d'apprêt ou de finissage, accélérateurs de teinture ou de fixation de matières colorantes et autres produits et préparations [parements préparés et préparations pour le mordançage, p.ex.], des types utilisés dans l'industrie textile, l'industrie du papier, l'industrie du cuir ou les industries simil., n.d.a.""",38,"2020-08-31 07:24:26.558547","2020-08-31 07:24:26.558547",NULL,0,7
4834,NULL,NULL,"3810","3810",NULL,"""en""=>""Pickling preparations for metal surfaces; fluxes and other auxiliary preparations for soldering, brazing or welding; soldering, brazing or welding pastes and powders consisting of metal and other materials; preparations of a kind used as coatings or cores for welding electrodes or rods"", ""fr""=>""Préparations pour le décapage des métaux; flux à souder ou à braser et autres préparations auxiliaires pour le soudage ou le brasage des métaux; pâtes et poudres à souder ou à braser composées de métal et d'autres produits; préparations des types utilisés pour l'enrobage ou le fourrage des électrodes ou des baguettes de soudage""",38,"2020-08-31 07:24:26.558547","2020-08-31 07:24:26.558547",NULL,0,7
4839,NULL,NULL,"3811","3811",NULL,"""en""=>""Anti-knock preparations, oxidation inhibitors, gum inhibitors, viscosity improvers, anti-corrosive preparations and other prepared additives, for mineral oils, incl. gasoline, or for other liquids used for the same purposes as mineral oils"", ""fr""=>""Préparations antidétonantes, inhibiteurs d'oxydation, additifs peptisants, améliorants de viscosité, additifs anticorrosifs et autres additifs préparés, pour huiles minérales (y.c. l'essence) ou pour autres liquides utilisés aux mêmes fins que les huiles minérales""",38,"2020-08-31 07:24:26.558547","2020-08-31 07:24:26.558547",NULL,0,7
4854,"2059","205956","3812","3812 39 10",6,"""en""=>""Anti-oxidising preparations for rubber or plastics (excl. mixtures of oligomers of 2,2,4-trimethyl-1,2-dihydroquinoline \""TMQ\"")"", ""fr""=>""Préparations antioxydantes pour caoutchouc ou matières plastiques (à l’exclusion des mélanges d’oligomères de 2,2,4-triméthyl-1,2-dihydroquinoléine «TMQ»)""",38,"2020-08-31 07:24:26.558547","2020-08-31 07:24:26.558547",NULL,0,7
12268,"2059","205952","3813","3813 00",6,"""en""=>""Preparations and charges for fire-extinguishers; charged fire-extinguishing grenades (excl. full or empty fire-extinguishing devices, whether or not portable, unmixed chemically undefined products with fire-extinguishing properties in other forms)"", ""fr""=>""Compositions et charges pour appareils extincteurs; grenades et bombes extinctrices (à l'excl. des appareils extincteurs, même portatifs, chargés ou non, ainsi que des produits chimiques, ayant des propriétés extinctrices, présentés isolément sans être conditionnés sous forme de charges, grenades ou bombes)""",38,"2020-09-17 09:06:10.164221","2020-09-17 09:06:10.164221",NULL,0,NULL
4858,"2030","203022","3814","3814 00 10",6,"""en""=>""Organic composite solvents and thinners and prepared paint or varnish removers, based on butyl acetate (excl. nail varnish remover)"", ""fr""=>""Solvants et diluants organiques composites et préparations conçues pour enlever les peintures ou les vernis, à base d'acétate de butyle (à l'excl. des dissolvants pour vernis à ongles)""",38,"2020-08-31 07:24:26.558547","2020-08-31 07:24:26.558547",NULL,0,7
4860,NULL,NULL,"3815","3815",NULL,"""en""=>""Reaction initiators, reaction accelerators and catalytic preparations, n.e.s. (excl. rubber accelerators)"", ""fr""=>""Initiateurs de réaction, accélérateurs de réaction et préparations catalytiques, n.d.a. (à l'excl. des accélérateurs de vulcanisation)""",38,"2020-08-31 07:24:26.558547","2020-08-31 07:24:26.558547",NULL,0,7
12269,"2320","232013","3816","3816 00",6,"""en""=>""Refractory cements, mortars, concretes and similar compositions (excl. preparations based on graphite or other carbonaceous substances)"", ""fr""=>""Ciments, mortiers, bétons et compositions simil. réfractaires (à l'excl. des préparations à base de graphite ou d'autre carbone)""",38,"2020-09-17 09:06:10.164221","2020-09-17 09:06:10.164221",NULL,0,NULL
4872,"2059","205956","3817","3817 00 80",6,"""en""=>""Mixed alkylbenzenes and mixed alkylnaphthalenes, produced by the alkylation of benzene and naphthalene (excl. linear alkylbenzene and mixed isomers of cyclic hydrocarbons)"", ""fr""=>""Alkylbenzènes et alkylnaphtalènes, en mélanges, obtenus par alkylation de benzène et de naphtalène (à l'excl. de l'alkylbenzène linéaire et des isomères d'hydrocarbures cycliques en mélanges)""",38,"2020-08-31 07:24:26.558547","2020-08-31 07:24:26.558547",NULL,0,7
4874,"2059","205953","3818","3818 00 10",6,"""en""=>""Silicon doped for use in electronics, in the form of discs, wafers, cylinders, rods or similar forms, whether or not polished or with a uniform epitaxial coating (excl. elements that have been further processed, e.g. by selective diffusion)"", ""fr""=>""Silicium dopé en vue de son utilisation en électronique, présenté sous forme de disques, plaquettes ou formes analogues, poli ou non et recouvert ou non d'une couche épitaxiale uniforme (à l'excl. des produits ayant reçu des ouvraisons plus poussées, notamment ceux ayant fait l'objet d'une diffusion sélective)""",38,"2020-08-31 07:24:26.558547","2020-08-31 07:24:26.558547",NULL,0,7
12270,"2059","205943","3819","3819 00",6,"""en""=>""Hydraulic brake fluids and other prepared liquids for hydraulic transmission not containing petroleum oil or bituminous mineral oil, or containing < 70% petroleum oil or bituminous mineral oil by weight"", ""fr""=>""Liquides pour freins hydrauliques et autres liquides préparés pour transmissions hydrauliques, ne contenant ni huiles de pétrole ni huiles de minéraux bitumineux ou en contenant < 70% en poids""",38,"2020-09-17 09:06:10.164221","2020-09-17 09:06:10.164221",NULL,0,NULL
12271,"2059","205943","3820","3820 00",6,"""en""=>""Anti-freezing preparations and prepared de-icing fluids (excl. prepared additives for mineral oils or other liquids used for the same purposes as mineral oils)"", ""fr""=>""Préparations antigel et liquides préparés pour dégivrage (à l'excl. des additifs préparés pour huiles minérales ou pour autres liquides utilisés aux mêmes fins que les huiles minérales)""",38,"2020-09-17 09:06:10.164221","2020-09-17 09:06:10.164221",NULL,0,NULL
12272,"2059","205952","3821","3821 00",6,"""en""=>""Prepared culture media for the development or maintenance of micro-organisms \""incl. viruses and the like\"" or of plant, human or animal cells"", ""fr""=>""Milieux de culture préparés pour le développement et l'entretien des micro-organismes (y.c. les virus et les organismes similaires) ou des cellules végétales, humaines ou animales""",38,"2020-09-17 09:06:10.164221","2020-09-17 09:06:10.164221",NULL,0,NULL
12273,"2059","205952","3822","3822 00",6,"""en""=>""Diagnostic or laboratory reagents on a backing, prepared diagnostic or laboratory reagents whether or not on a backing, and certified reference materials (excl. compound diagnostic reagents designed to be administered to the patient, blood-grouping reagents, animal blood prepared for therapeutic, prophylactic or diagnostic uses and vaccines, toxins, cultures of micro-organisms and similar products)"", ""fr""=>""Réactifs de diagnostic ou de laboratoire sur tout support et réactifs de diagnostic ou de laboratoire préparés, même présentés sur un support ainsi que des matériaux de référence certifiés (à l'excl. des réactifs composés de diagnostic conçus pour être employés sur le patient, des réactifs destinés à la détermination des groupes ou des facteurs sanguins, du sang animal préparé à des fins de diagnostic ainsi que des vaccins, toxines, cultures de micro-organismes et produits simil.)""",38,"2020-09-17 09:06:10.164221","2020-09-17 09:06:10.164221",NULL,0,NULL
4880,NULL,NULL,"3823","3823",NULL,"""en""=>""Industrial monocarboxylic fatty acids; acid oils from refining; industrial fatty alcohols"", ""fr""=>""Acides gras monocarboxyliques industriels; huiles acides de raffinage; alcools gras industriels""",38,"2020-08-31 07:24:26.558547","2020-08-31 07:24:26.558547",NULL,0,7
4905,"2059","205959","3824","3824 75 00",6,"""en""=>""Mixtures containing carbon tetrachloride"", ""fr""=>""Mélanges contenant du tétrachlorure de carbone""",38,"2020-08-31 07:24:26.558547","2020-08-31 07:24:26.558547",NULL,0,7
4951,"3700","370020","3825","3825 20 00",6,"""en""=>""Sewage sludge"", ""fr""=>""Boues d'épuration""",38,"2020-08-31 07:24:26.558547","2020-08-31 07:24:26.558547",NULL,0,17
4962,"2059","205959","3826","3826 00 10",6,"""en""=>""Fatty-acid mono-alkyl esters, containing by weight => 96,5 % of esters \""FAMAE\"""", ""fr""=>""Esters monoalkyliques d’acide gras contenant >= 96,5 % en poids d’esters""",38,"2020-08-31 07:24:26.558547","2020-08-31 07:24:26.558547",NULL,0,7
4964,NULL,NULL,"3901","3901",NULL,"""en""=>""Polymers of ethylene, in primary forms"", ""fr""=>""Polymères de l'éthylène, sous formes primaires""",39,"2020-08-31 07:24:26.558547","2020-08-31 07:24:26.558547",NULL,0,7
4976,NULL,NULL,"3902","3902",NULL,"""en""=>""Polymers of propylene or of other olefins, in primary forms"", ""fr""=>""Polymères de propylène ou d'autres oléfines, sous formes primaires""",39,"2020-08-31 07:24:26.558547","2020-08-31 07:24:26.558547",NULL,0,7
4984,NULL,NULL,"3903","3903",NULL,"""en""=>""Polymers of styrene, in primary forms"", ""fr""=>""Polymères du styrène, sous formes primaires""",39,"2020-08-31 07:24:26.558547","2020-08-31 07:24:26.558547",NULL,0,7
4993,NULL,NULL,"3904","3904",NULL,"""en""=>""Polymers of vinyl chloride or of other halogenated olefins, in primary forms"", ""fr""=>""Polymères du chlorure de vinyle ou d'autres oléfines halogénées, sous formes primaires""",39,"2020-08-31 07:24:26.558547","2020-08-31 07:24:26.558547",NULL,0,7
5008,NULL,NULL,"3905","3905",NULL,"""en""=>""Polymers of vinyl acetate or of other vinyl esters, in primary forms; other vinyl polymers, in primary forms"", ""fr""=>""Polymères d'acétate de vinyle ou d'autres esters de vinyle, sous formes primaires; autres polymères de vinyle, sous formes primaires""",39,"2020-08-31 07:24:26.558547","2020-08-31 07:24:26.558547",NULL,0,7
5018,NULL,NULL,"3906","3906",NULL,"""en""=>""Acrylic polymers, in primary forms"", ""fr""=>""Polymères acryliques, sous formes primaires""",39,"2020-08-31 07:24:26.558547","2020-08-31 07:24:26.558547",NULL,0,7
5035,"2016","201640","3907","3907 30 00",7,"""en""=>""Epoxide resins, in primary forms"", ""fr""=>""Résines époxydes, sous formes primaires""",39,"2020-08-31 07:24:26.558547","2020-08-31 07:24:26.558547",NULL,0,7
5048,NULL,NULL,"3908","3908",NULL,"""en""=>""Polyamides, in primary forms"", ""fr""=>""Polyamides, sous formes primaires""",39,"2020-08-31 07:24:26.558547","2020-08-31 07:24:26.558547",NULL,0,7
5051,NULL,NULL,"3909","3909",NULL,"""en""=>""Amino-resins, phenolic resins and polyurethanes, in primary forms"", ""fr""=>""Résines aminiques, résines phénoliques et polyuréthannes, sous formes primaires""",39,"2020-08-31 07:24:26.558547","2020-08-31 07:24:26.558547",NULL,0,7
12274,"2016","201657","3910","3910 00",7,"""en""=>""Silicones in primary forms"", ""fr""=>""Silicones sous formes primaires""",39,"2020-09-17 09:06:10.164221","2020-09-17 09:06:10.164221",NULL,0,NULL
5061,NULL,NULL,"3911","3911",NULL,"""en""=>""Petroleum resins, coumarone-indene resins, polyterpenes, polysulphides, polysulphones and other polymers and prepolymers produced by chemical synthesis, n.e.s., in primary forms"", ""fr""=>""Résines de pétrole, résines de coumarone-indène, polyterpènes, polysulfures, polysulfones et autres polymères et prépolymères obtenus par voie de synthèse chimique [voir note 3 du présent chapitre], n.d.a., sous formes primaires""",39,"2020-08-31 07:24:26.558547","2020-08-31 07:24:26.558547",NULL,0,7
5082,"2016","201659","3912","3912 90 90",7,"""en""=>""Cellulose and chemical derivatives thereof, n.e.s., in primary forms (excl. cellulose acetates, cellulose nitrates, cellulose ethers and cellulose esters)"", ""fr""=>""Cellulose et ses dérivés chimiques, n.d.a., sous formes primaires (à l'excl. des acétates, nitrates, éthers et esters de cellulose)""",39,"2020-08-31 07:24:26.558547","2020-08-31 07:24:26.558547",NULL,0,7
5083,NULL,NULL,"3913","3913",NULL,"""en""=>""Natural polymers, e.g. alginic acid, and modified natural polymers, e.g. hardened proteins, chemical derivatives of natural rubber, n.e.s., in primary forms"", ""fr""=>""Polymères naturels [acide alginique, p.ex.] et polymères naturels modifiés [protéines durcies, dérivés chimiques du caoutchouc naturel, p.ex.], n.d.a., sous formes primaires""",39,"2020-08-31 07:24:26.558547","2020-08-31 07:24:26.558547",NULL,0,7
12275,"2016","201659","3914","3914 00",7,"""en""=>""Ion-exchangers based on polymers of heading 3901 to 3913, in primary forms"", ""fr""=>""Échangeurs d'ions à base de polymères des n° 3901 à 3913, sous formes primaires""",39,"2020-09-17 09:06:10.164221","2020-09-17 09:06:10.164221",NULL,0,NULL
5087,NULL,NULL,"3915","3915",NULL,"""en""=>""Waste, parings and scrap, of plastics"", ""fr""=>""Déchets, rognures et débris de matières plastiques""",39,"2020-08-31 07:24:26.558547","2020-08-31 07:24:26.558547",NULL,0,17
5094,NULL,NULL,"3916","3916",NULL,"""en""=>""Monofilament of which any cross-sectional dimension > 1 mm, rods, sticks and profile shapes, of plastics, whether or not surface-worked but not further worked"", ""fr""=>""Monofilaments dont la plus grande dimension de la coupe transversale > 1 mm [monofils], joncs, bâtons et profilés, même ouvrés en surface mais non autrement travaillés, en matières plastiques""",39,"2020-08-31 07:24:26.558547","2020-08-31 07:24:26.558547",NULL,0,9
5101,NULL,NULL,"3917","3917",NULL,"""en""=>""Tubes, pipes and hoses, and fittings therefor, e.g. joints, elbows, flanges, of plastics"", ""fr""=>""Tubes et tuyaux et leurs accessoires [joints, coudes, raccords, p.ex.], en matières plastiques""",39,"2020-08-31 07:24:26.558547","2020-08-31 07:24:26.558547",NULL,0,9
5120,NULL,NULL,"3918","3918",NULL,"""en""=>""Floor coverings of plastics, whether or not self-adhesive, in rolls or in the form of tiles; wall or ceiling coverings of plastics, in rolls with a width of >= 45 cm, consisting of a layer of plastics fixed permanently on a backing of any material other than paper, the face side of which is grained, embossed, coloured, design-printed or otherwise decorated"", ""fr""=>""Revêtements de sols en matières plastiques, même auto-adhésifs, en rouleaux ou sous formes de carreaux ou de dalles; revêtements de murs ou de plafonds en matières plastiques définis dans la note 9 du présent chapitre""",39,"2020-08-31 07:24:26.558547","2020-08-31 07:24:26.558547",NULL,0,9
5125,NULL,NULL,"3919","3919",NULL,"""en""=>""Self-adhesive plates, sheets, film, foil, tape, strip and other flat shapes, of plastics, whether or not in rolls (excl. floor, wall and ceiling coverings of heading 3918)"", ""fr""=>""Plaques, feuilles, bandes, rubans, pellicules et autres formes plates, auto-adhésifs, en matières plastiques, même en rouleaux (à l'excl. des revêtements de sols, de murs ou de plafonds du n° 3918)""",39,"2020-08-31 07:24:26.558547","2020-08-31 07:24:26.558547",NULL,0,9
5134,NULL,NULL,"3920","3920",NULL,"""en""=>""Plates, sheets, film, foil and strip, of non-cellular plastics, not reinforced, laminated, supported or similarly combined with other materials, without backing, unworked or merely surface-worked or merely cut into squares or rectangles (excl. self-adhesive products, and floor, wall and ceiling coverings of heading 3918)"", ""fr""=>""Plaques, feuilles, pellicules, bandes et lames, en matières plastiques non alvéolaires, non renforcées ni stratifiées, ni munies d'un support, ni pareillement associées à d'autres matières, non travaillées ou simpl. ouvrées en surface ou simpl. découpées de forme carrée ou rectangulaire (à l'excl. des produits auto-adhésifs ainsi que des revêtements de sols, de murs ou de plafonds du n° 3918)""",39,"2020-08-31 07:24:26.558547","2020-08-31 07:24:26.558547",NULL,0,9
5183,NULL,NULL,"3921","3921",NULL,"""en""=>""Plates, sheets, film, foil and strip, of plastics, reinforced, laminated, supported or similarly combined with other materials, or of cellular plastic, unworked or merely surface-worked or merely cut into squares or rectangles (excl. self-adhesive products, floor, wall and ceiling coverings of heading 3918)"", ""fr""=>""Plaques, feuilles, pellicules, bandes et lames, en matières plastiques, renforcées, stratifiées, munies d'un support ou pareillement associées à d'autres matières, ou en produits alvéolaires, non travaillées ou simpl. ouvrées en surface ou simpl. découpées de forme carrée ou rectangulaire (à l'excl. des produits auto-adhésifs et des revêtements de sols, de murs ou de plafonds du n° 3918)""",39,"2020-08-31 07:24:26.558547","2020-08-31 07:24:26.558547",NULL,0,9
5200,NULL,NULL,"3922","3922",NULL,"""en""=>""Baths, shower-baths, sinks, washbasins, bidets, lavatory pans, seats and covers, flushing cisterns and similar sanitary ware, of plastics"", ""fr""=>""Baignoires, douches, éviers, lavabos, bidets, cuvettes d'aisance et leurs sièges et couvercles, réservoirs de chasse et articles simil. pour usages sanitaires ou hygiéniques, en matières plastiques""",39,"2020-08-31 07:24:26.558547","2020-08-31 07:24:26.558547",NULL,0,9
5219,"2222","222219","3923","3923 50 10",7,"""en""=>""Caps and capsules for bottles, of plastics"", ""fr""=>""Capsules de bouchage ou de surbouchage, en matières plastiques""",39,"2020-08-31 07:24:26.558547","2020-08-31 07:24:26.558547",NULL,0,9
5222,NULL,NULL,"3924","3924",NULL,"""en""=>""Tableware, kitchenware, other household articles and toilet articles, of plastics (excl. baths, shower-baths, washbasins, bidets, lavatory pans, seats and covers, flushing cisterns and similar sanitary ware)"", ""fr""=>""Vaisselle, autres articles de ménage ou d'économie domestique et articles d'hygiène ou de toilette, en matières plastiques (à l'excl. des baignoires, des douches, des lavabos, des bidets, des cuvettes d'aisance et leurs sièges et couvercles, des réservoirs de chasse et des articles simil. pour usages sanitaires ou hygiéniques)""",39,"2020-08-31 07:24:26.558547","2020-08-31 07:24:26.558547",NULL,0,9
5225,NULL,NULL,"3925","3925",NULL,"""en""=>""Builders' ware of plastics, n.e.s."", ""fr""=>""Articles d'équipement pour la construction, en matières plastiques, n.d.a.""",39,"2020-08-31 07:24:26.558547","2020-08-31 07:24:26.558547",NULL,0,9
5233,NULL,NULL,"3926","3926",NULL,"""en""=>""Articles of plastics and articles of other materials of heading 3901 to 3914, n.e.s."", ""fr""=>""Ouvrages en matières plastiques et ouvrages en autres matières des n° 3901 à 3914, n.d.a.""",39,"2020-08-31 07:24:26.558547","2020-08-31 07:24:26.558547",NULL,0,9
5241,NULL,NULL,"4001","4001",NULL,"""en""=>""Natural rubber, balata, gutta-percha, guayule, chicle and similar natural gums, in primary forms or in plates, sheets or strip"", ""fr""=>""Caoutchouc naturel, balata, gutta-percha, guayule, chicle et gommes naturelles analogues, sous formes primaires ou en plaques, feuilles ou bandes""",40,"2020-08-31 07:24:26.558547","2020-08-31 07:24:26.558547",NULL,0,1
5247,NULL,NULL,"4002","4002",NULL,"""en""=>""Synthetic rubber and factice derived from oils, in primary forms or in plates, sheets or strip; mixtures of natural rubber, balata, gutta-percha, guayule, chicle or similar types of natural rubber with synthetic rubber or factice, in primary forms or in plates, sheets or strip"", ""fr""=>""Caoutchouc synthétique et factice pour caoutchouc dérivé des huiles, sous formes primaires ou en plaques, feuilles ou bandes; mélanges de caoutchouc naturel, de balata, de gutta-percha, de guayule, de chicle ou de gommes naturelles analogues avec des produits de la présente position, sous formes primaires ou en plaques, feuilles ou bandes""",40,"2020-08-31 07:24:26.558547","2020-08-31 07:24:26.558547",NULL,0,7
12277,"2219","221910","4003","4003 00",7,"""en""=>""Reclaimed rubber in primary forms or in plates, sheets or strip"", ""fr""=>""Caoutchouc régénéré sous formes primaires ou en plaques, feuilles ou bandes""",40,"2020-09-17 09:06:10.164221","2020-09-17 09:06:10.164221",NULL,0,NULL
12278,"3811","381154","4004","4004 00",7,"""en""=>""Waste, parings and scrap of soft rubber and powders and granules obtained therefrom"", ""fr""=>""Déchets, débris et rognures de caoutchouc non durci, même réduits en poudre ou en granulés""",40,"2020-09-17 09:06:10.164221","2020-09-17 09:06:10.164221",NULL,0,NULL
5270,NULL,NULL,"4005","4005",NULL,"""en""=>""Compounded rubber, unvulcanised, in primary forms or in plates, sheets or strip (excl. mixtures of natural rubber, balata, gutta-percha, guayule, chicle and similar natural gums containing synthetic rubber or factice derived from oils)"", ""fr""=>""Caoutchouc mélangé, non vulcanisé, sous formes primaires ou en plaques, feuilles ou bandes (à l'excl. des mélanges de caoutchouc naturel, de balata, de gutta-percha, de guayule, de chicle et de gommes naturelles analogues avec du caoutchouc synthétique ou du factice pour caoutchouc dérivé des huiles)""",40,"2020-08-31 07:24:26.558547","2020-08-31 07:24:26.558547",NULL,0,9
5275,NULL,NULL,"4006","4006",NULL,"""en""=>""Rods, bars, tubes, profiles and other forms of unvulcanised rubber, incl. mixed rubber, and articles of unvulcanised rubber, incl. mixed rubber (excl. plates, sheets and strip which, apart from basic surface-working, have not been cut, or have merely been cut into square or rectangular shapes)"", ""fr""=>""Baguettes, tubes, profilés et formes simil., disques, rondelles et articles simil., en caoutchouc non vulcanisé, même mélangé (à l'excl. des plaques, feuilles et bandes qui n'ont pas subi d'autres ouvraisons qu'un simple travail de surface ou sont simpl. découpées de forme carrée ou rectangulaire)""",40,"2020-08-31 07:24:26.558547","2020-08-31 07:24:26.558547",NULL,0,9
12279,"2219","221920","4007","4007 00",7,"""en""=>""Vulcanised rubber thread and cord (excl. ungimped single thread with a diameter of > 5 mm and textiles combined with rubber thread, e.g. textile-covered thread and cord)"", ""fr""=>""Fils et cordes de caoutchouc vulcanisé (à l'excl. des fils nus simples dont la plus grande dimension de la coupe transversale > 5 mm ainsi que des matières textiles associées à des fils de caoutchouc [p.ex. fils et cordes de caoutchouc recouverts de textiles])""",40,"2020-09-17 09:06:10.164221","2020-09-17 09:06:10.164221",NULL,0,NULL
5279,NULL,NULL,"4008","4008",NULL,"""en""=>""Plates, sheets, strip, rods and profile shapes, of vulcanised rubber (excl. hard rubber)"", ""fr""=>""Plaques, feuilles, bandes, baguettes et profilés, en caoutchouc vulcanisé non durci""",40,"2020-08-31 07:24:26.558547","2020-08-31 07:24:26.558547",NULL,0,9
5286,NULL,NULL,"4009","4009",NULL,"""en""=>""Tubes, pipes and hoses, of vulcanised rubber other than hard rubber, with or without their fittings, e.g. joints, elbows, flanges"", ""fr""=>""Tubes et tuyaux en caoutchouc vulcanisé non durci, même pourvus de leurs accessoires [joints, coudes, raccords, p.ex.]""",40,"2020-08-31 07:24:26.558547","2020-08-31 07:24:26.558547",NULL,0,9
5295,NULL,NULL,"4010","4010",NULL,"""en""=>""Conveyor or transmission belts or belting, of vulcanised rubber"", ""fr""=>""Courroies transporteuses ou de transmission, en caoutchouc vulcanisé""",40,"2020-08-31 07:24:26.558547","2020-08-31 07:24:26.558547",NULL,0,9
5306,NULL,NULL,"4011","4011",NULL,"""en""=>""New pneumatic tyres, of rubber"", ""fr""=>""Pneumatiques neufs, en caoutchouc""",40,"2020-08-31 07:24:26.558547","2020-08-31 07:24:26.558547",NULL,0,9
5317,NULL,NULL,"4012","4012",NULL,"""en""=>""Retreaded or used pneumatic tyres of rubber; solid or cushion tyres, tyre treads and tyre flaps, of rubber"", ""fr""=>""Pneumatiques rechapés ou usagés en caoutchouc; bandages, bandes de roulement pour pneumatiques et 'flaps', en caoutchouc""",40,"2020-08-31 07:24:26.558547","2020-08-31 07:24:26.558547",NULL,0,9
5327,NULL,NULL,"4013","4013",NULL,"""en""=>""Inner tubes, of rubber"", ""fr""=>""Chambres à air, en caoutchouc""",40,"2020-08-31 07:24:26.558547","2020-08-31 07:24:26.558547",NULL,0,9
5331,NULL,NULL,"4014","4014",NULL,"""en""=>""Hygienic or pharmaceutical articles, incl. teats, of vulcanised rubber (excl. hard rubber), with or without fittings of hard rubber, n.e.s. (excl. articles of apparel and clothing accessories, incl. gloves, for all purposes)"", ""fr""=>""Articles d'hygiène ou de pharmacie, y.c. les tétines, en caoutchouc vulcanisé non durci, même avec parties en caoutchouc durci, n.d.a. (à l'excl. des vêtements et des accessoires pour vêtements, y.c. les gants, pour tous usages)""",40,"2020-08-31 07:24:26.558547","2020-08-31 07:24:26.558547",NULL,0,9
5334,NULL,NULL,"4015","4015",NULL,"""en""=>""Articles of apparel and clothing accessories, incl. gloves, mittens and mitts, for all purposes, of vulcanised rubber (excl. hard rubber and footwear and headgear and parts thereof)"", ""fr""=>""Vêtements et accessoires du vêtement, y.c. les gants, mitaines et moufles, en caoutchouc vulcanisé non durci, pour tous usages (à l'excl. des chaussures ou des coiffures ainsi que des parties de chaussures ou de coiffures)""",40,"2020-08-31 07:24:26.558547","2020-08-31 07:24:26.558547",NULL,0,9
5349,"2219","221973","4016","4016 99 97",7,"""en""=>""Articles of vulcanised rubber, n.e.s. (excl. hard rubber and those of cellular rubber)"", ""fr""=>""Ouvrages en caoutchouc vulcanisé non durci, n.d.a. (à l'excl. des ouvrages en caoutchouc alvéolaire)""",40,"2020-08-31 07:24:26.558547","2020-08-31 07:24:26.558547",NULL,0,9
12280,"2219","221973","4017","4017 00",7,"""en""=>""Hard rubber, e.g. ebonite, in all forms, incl. waste and scrap; articles of hard rubber, n.e.s."", ""fr""=>""Caoutchouc durci [ébonite, p.ex.], sous toutes formes, y.c. les déchets et débris; ouvrages en caoutchouc durci, n.d.a.""",40,"2020-09-17 09:06:10.164221","2020-09-17 09:06:10.164221",NULL,0,NULL
5351,NULL,NULL,"4101","4101",NULL,"""en""=>""Raw hides and skins of bovine \""incl. buffalo\"" or equine animals, fresh, or salted, dried, limed, pickled or otherwise preserved, whether or not dehaired or split (excl. tanned, parchment-dressed or further prepared)"", ""fr""=>""Cuirs et peaux, bruts, de bovins [y.c. les buffles] ou d'équidés [frais, ou salés, séchés, chaulés, picklés ou autrement conservés], même épilés ou refendus (à l'excl. des cuirs et peaux tannés, parcheminés ou autrement préparés)""",41,"2020-08-31 07:24:26.558547","2020-08-31 07:24:26.558547",NULL,0,3
5363,NULL,NULL,"4102","4102",NULL,"""en""=>""Raw skins of sheep or lambs, fresh, or salted, dried, limed, pickled or otherwise preserved, whether or not dehaired or split (excl. those with wool on, fleeces of Astrakhan, Caracul, Persian, Broadtail or similar lambs, or of Indian, Chinese, Mongolian or Tibetan lambs and tanned, parchment-dressed or further prepared)"", ""fr""=>""Peaux brutes d'ovins, fraîches, ou salées, séchées, chaulées, picklées ou autrement conservées, même épilées ou refendues (à l'excl. des peaux non épilées d'agneaux dits 'astrakan', 'breitschwanz', 'caracul', 'persianer' ou simil. ainsi que d'agneaux des Indes, de Chine, de Mongolie ou du Tibet et des cuirs et peaux tannées, parcheminées ou autrement préparées)""",41,"2020-08-31 07:24:26.558547","2020-08-31 07:24:26.558547",NULL,0,3
5369,NULL,NULL,"4103","4103",NULL,"""en""=>""Other raw hides and skins, fresh, or salted, dried, limed, pickled or otherwise preserved, whether or not dehaired or split (excl. those of bovine animals, equine animals, sheep and lambs, those with wool on and those of goats or kids from Yemen, Mongolia or Tibet and tanned, parchment-dressed or further prepared)"", ""fr""=>""Cuirs et peaux bruts, frais, ou salés, séchés, chaulés, picklés ou autrement conservés, même épilés ou refendus (à l'excl. des cuirs et peaux bruts de bovins, d'équidés ou d'ovins ainsi que des cuirs et peaux bruts non épilés de chèvres, de chevrettes ou de chevreaux du Yémen, de Mongolie ou du Tibet et des cuirs et peaux tannés, parcheminés ou autrement préparés)""",41,"2020-08-31 07:24:26.558547","2020-08-31 07:24:26.558547",NULL,0,1
5373,NULL,NULL,"4104","4104",NULL,"""en""=>""Tanned or crust hides and skins of bovine \""incl. buffalo\"" or equine animals, without hair on, whether or not split (excl. further prepared)"", ""fr""=>""Cuirs et peaux tannés ou en croûte de bovins [y. c. les buffles] ou d'équidés, épilés, même refendus (sauf autrement préparés)""",41,"2020-08-31 07:24:26.558547","2020-08-31 07:24:26.558547",NULL,0,4
5396,NULL,NULL,"4105","4105",NULL,"""en""=>""Tanned or crust skins of sheep or lambs, without wool on, whether or not split (excl. further prepared)"", ""fr""=>""Peaux tannées ou en croûte d'ovins, épilées, même refendues (sauf autrement préparées)""",41,"2020-08-31 07:24:26.558547","2020-08-31 07:24:26.558547",NULL,0,4
5401,NULL,NULL,"4106","4106",NULL,"""en""=>""Tanned or crust hides and skins of goats or kids, pigs, reptiles and other animals, without wool on, and leather of hairless animals, whether or not split (excl. further prepared and leather of bovine and equine animals, sheep and lambs)"", ""fr""=>""Cuirs et peaux épilés de caprins, de porcins, de reptiles et d'autres animaux et peaux d'animaux dépourvus de poils, tannés ou en croûte, même refendus (sauf autrement préparés et à l'excl. des cuirs et peaux de bovins, d'équidés ou d'ovins)""",41,"2020-08-31 07:24:26.558547","2020-08-31 07:24:26.558547",NULL,0,4
5413,NULL,NULL,"4107","4107",NULL,"""en""=>""Leather further prepared after tanning or crusting \""incl. parchment-dressed leather\"", of bovine \""incl. buffalo\"" or equine animals, without hair on, whether or not split (excl. chamois leather, patent leather and patent laminated leather, and metallised leather)"", ""fr""=>""Cuirs préparés après tannage ou après dessèchement et cuirs et peaux parcheminés, de bovins [y. c. les buffles] ou d'équidés, épilés, même refendus (à l'excl. des cuirs et peaux chamoisés, vernis, plaqués ou métallisés)""",41,"2020-08-31 07:24:26.558547","2020-08-31 07:24:26.558547",NULL,0,4
12281,"1511","151141","4112","4112 00",8,"""en""=>""Leather further prepared after tanning or crusting \""incl. parchment-dressed leather\"", of sheep or lambs, without wool on, whether or not split (excl. chamois leather, patent leather and patent laminated leather, and metallised leather)"", ""fr""=>""Cuirs préparés après tannage ou après dessèchement et cuirs et peaux parcheminés, d'ovins, épilés, même refendus (à l'excl. des cuirs et peaux chamoisés, vernis, plaqués ou métallisés)""",41,"2020-09-17 09:06:10.164221","2020-09-17 09:06:10.164221",NULL,0,NULL
5436,NULL,NULL,"4113","4113",NULL,"""en""=>""Leather further prepared after tanning or crusting \""incl. parchment-dressed leather\"", of goats or kids, pigs, reptiles and other animals, without wool or hair on, and leather of hairless animals, whether or not split (excl. leather of bovine and equine animals, sheep and lambs, and chamois leather, patent leather and patent laminated leather, and metallised leather)"", ""fr""=>""Cuirs préparés après tannage ou après dessèchement et cuirs et peaux parcheminés, de caprins, de porcins, de reptiles et d'autres animaux, épilés, et peaux d'animaux dépourvus de poils, même refendus (à l'excl. des cuirs et peaux de bovins, d'équidés ou d'ovins, des cuirs et peaux chamoisés, vernis, plaqués ou métallisés)""",41,"2020-08-31 07:24:26.558547","2020-08-31 07:24:26.558547",NULL,0,4
5441,NULL,NULL,"4114","4114",NULL,"""en""=>""Chamois leather, incl. combination chamois leather (excl. glacé-tanned leather subsequently treated with formaldehyde and leather stuffed with oil only after tanning); patent leather and patent laminated leather; metallised leather (excl. lacquered or metallised reconstituted leather)"", ""fr""=>""Cuirs et peaux chamoisés, y.c. le chamois combiné (à l'excl. des cuirs et peaux préalablement mégissés puis traités au formol ainsi que des cuirs et peaux simpl. nourris à l'huile après tannage); cuirs et peaux vernis ou plaqués; cuirs et peaux métallisés (à l'excl. des cuirs reconstitués, vernis ou métallisés)""",41,"2020-08-31 07:24:26.558547","2020-08-31 07:24:26.558547",NULL,0,4
5446,NULL,NULL,"4115","4115",NULL,"""en""=>""Composition leather with a basis of leather or leather fibre, in slabs, sheets or strip, whether or not in rolls; parings and other waste of leather or of composition leather, not suitable for the manufacture of leather articles; leather dust, powder and flour"", ""fr""=>""Cuir reconstitué, à base de cuir ou de fibres de cuir, en plaques, feuilles ou bandes, même enroulées; rognures et autres déchets de cuirs ou de peaux préparés ou de cuir reconstitué, non utilisables pour la fabrication d'ouvrages en cuir; sciure, poudre et farine de cuir""",41,"2020-08-31 07:24:26.558547","2020-08-31 07:24:26.558547",NULL,0,4
12282,"1512","151211","4201","4201 00",8,"""en""=>""Saddlery and harness for any animal, incl. traces, leads, knee pads, muzzles, saddle cloths, saddlebags, dog coats and the like, of any material (excl. harnesses for children and adults, riding whips and other goods of heading 6602)"", ""fr""=>""Articles de sellerie ou de bourrellerie pour tous animaux, y.c. les traits, laisses, genouillères, muselières, tapis de selles, fontes, manteaux pour chiens et articles simil., en toutes matières (à l'excl. des harnais pour enfants ou adultes ainsi que des cravaches et autres articles du n° 6602)""",42,"2020-09-17 09:06:10.164221","2020-09-17 09:06:10.164221",NULL,0,NULL
5450,NULL,NULL,"4202","4202",NULL,"""en""=>""Trunks, suitcases, vanity cases, executive-cases, briefcases, school satchels, spectacle cases, binocular cases, camera cases, musical instrument cases, gun cases, holsters and similar containers; travelling-bags, insulated food or beverage bags, toilet bags, rucksacks, handbags, shopping-bags, wallets, purses, map-cases, cigarette-cases, tobacco-pouches, tool bags, sports bags, bottle-cases, jewellery boxes, powder-boxes, cutlery cases and similar containers, of leather or of composition leather, of sheeting of plastics, of textile materials, of vulcanised fibre or of paperboard, or wholly or mainly covered with such materials or with paper"", ""fr""=>""Malles, valises et mallettes, y.c. les mallettes de toilette et les mallettes porte-documents, serviettes, cartables, étuis à lunettes, étuis pour jumelles, appareils photographiques, caméras, instruments de musique ou armes et contenants simil.; sacs de voyage, sacs isolants pour produits alimentaires et boissons, trousses de toilette, sacs à dos, sacs à main, sacs à provisions, portefeuilles, porte-monnaie, porte-cartes, étuis à cigarettes, blagues à tabac, trousses à outils, sacs pour articles de sport, boîtes pour flacons ou bijoux, boîtes à poudre, écrins pour orfèvrerie et contenants simil., en cuir naturel ou reconstitué, en feuilles de matières plastiques, en matières textiles, en fibre vulcanisée ou en carton, ou recouverts, en totalité ou en majeure partie, de ces mêmes matières ou de papier""",42,"2020-08-31 07:24:26.558547","2020-08-31 07:24:26.558547",NULL,0,4
5485,"3230","323015","4203","4203 21 00",8,"""en""=>""Specially designed gloves for use in sport, of leather or composition leather"", ""fr""=>""Gants, mitaines et moufles spécialement conçus pour la pratique des sports, en cuir naturel ou reconstitué""",42,"2020-08-31 07:24:26.558547","2020-08-31 07:24:26.558547",NULL,0,15
5492,"1512","151219","4205","4205 00 11",8,"""en""=>""Conveyor or transmission belts or belting, of leather or composition leather"", ""fr""=>""Courroies de transmission ou de transport, en cuir naturel ou reconstitué""",42,"2020-08-31 07:24:26.558547","2020-08-31 07:24:26.558547",NULL,0,4
12283,"3299","329959","4206","4206 00",8,"""en""=>""Articles of gut, goldbeater's skin, bladders or tendons (excl. silkworm gut, sterile catgut, other sterile surgical suture material and strings for musical instruments)"", ""fr""=>""Ouvrages en boyaux, en baudruches, en vessies ou en tendons (à l'excl. des cordes harmoniques ainsi que des catguts et ligatures stériles simil. pour sutures chirurgicales)""",42,"2020-09-17 09:06:10.164221","2020-09-17 09:06:10.164221",NULL,0,NULL
5496,NULL,NULL,"4301","4301",NULL,"""en""=>""Raw furskins, incl. heads, tails, paws and other pieces or cuttings suitable for use in furriery (excl. raw hides and skins of heading 4101, 4102 or 4103)"", ""fr""=>""Pelleteries brutes, y.c. les têtes, queues, pattes et autres morceaux utilisables en pelleteries (à l'excl. des peaux brutes des n° 4101, 4102 ou 4103)""",43,"2020-08-31 07:24:26.558547","2020-08-31 07:24:26.558547",NULL,0,1
5514,"1511","151110","4302","4302 30 10",8,"""en""=>""Tanned and dressed 'dropped' furskins"", ""fr""=>""Peaux dites 'allongées', tannées ou apprêtées""",43,"2020-08-31 07:24:26.558547","2020-08-31 07:24:26.558547",NULL,0,4
5519,NULL,NULL,"4303","4303",NULL,"""en""=>""Articles of apparel, clothing accessories and other furskin articles (excl. gloves made of leather and furskin, footware and headgear and parts thereof, and goods of chapter 95, e.g., toys, games and sports equipment)"", ""fr""=>""Vêtements, accessoires du vêtement et autres articles en pelleteries (à l'excl. des chaussures, des coiffures, des parties de chaussures ou de coiffures, des gants comportant à la fois des pelleteries et du cuir ainsi que des articles du chapitre 95 [p.ex. jouets, jeux, engins sportifs])""",43,"2020-08-31 07:24:26.558547","2020-08-31 07:24:26.558547",NULL,0,4
12284,"1391","139119","4304","4304 00",8,"""en""=>""Artificial fur and articles thereof (excl. gloves made of leather and artificial fur, footware and headgear and parts thereof, and goods of chapter 95, e.g. toys, games and sports equipment)"", ""fr""=>""Pelleteries factices et articles en pelleteries factices (à l'excl. des chaussures, des coiffures, des parties de chaussures ou de coiffures, des gants comportant à la fois des pelleteries factices et du cuir ainsi que des articles du chapitre 95 [p.ex. jouets, jeux, engins sportifs])""",43,"2020-09-17 09:06:10.164221","2020-09-17 09:06:10.164221",NULL,0,NULL
5530,"3811","381159","4401","4401 31 00",9,"""en""=>""Wood pellets"", ""fr""=>""Granulés de bois""",44,"2020-08-31 07:24:26.558547","2020-08-31 07:24:26.558547",NULL,0,5
5535,NULL,NULL,"4402","4402",NULL,"""en""=>""Wood charcoal, incl. shell or nut charcoal, whether or not agglomerated (excl. wood charcoal used as a medicament, charcoal mixed with incense, activated charcoal and charcoal in the form of crayons)"", ""fr""=>""Charbon de bois (y.c. le charbon de coques ou de noix), même aggloméré (à l'excl. des fusains et du charbon de bois conditionné comme médicament, mélangé d'encens ou activé)""",44,"2020-08-31 07:24:26.558547","2020-08-31 07:24:26.558547",NULL,0,7
5538,NULL,NULL,"4403","4403",NULL,"""en""=>""Wood in the rough, whether or not stripped of bark or sapwood, or roughly squared (excl. rough-cut wood for walking sticks, umbrellas, tool shafts and the like; wood in the form of railway sleepers; wood cut into boards or beams, etc.)"", ""fr""=>""Bois bruts, même écorcés, désaubiérés ou équarris (à l'excl. des bois simpl. dégrossis ou arrondis pour cannes, parapluies, manches d'outils ou simil., des traverses en bois pour voies ferrées ou simil. ainsi que des bois sciés en planches, poutres, madriers, chevrons, etc.)""",44,"2020-08-31 07:24:26.558547","2020-08-31 07:24:26.558547",NULL,0,1
5568,NULL,NULL,"4404","4404",NULL,"""en""=>""Hoopwood; split poles; piles, pickets and stakes of wood, pointed but not sawn lengthwise; wooden sticks, roughly trimmed but not turned, bent or otherwise worked, for the manufacture of walking sticks, umbrellas, tool handles or the like; chipwood, wooden slats and strips and the like (excl. hoopwood cut to length and chamfered; brush surrounds and shoe trees)"", ""fr""=>""Bois feuillards; échalas fendus; pieux et piquets en bois, appointés, non sciés longitudinalement; bois simpl. dégrossis ou arrondis, non tournés ni courbés ni autrement travaillés, pour cannes, parapluies, manches d'outils ou simil.; bois en éclisses, lames, rubans et simil. (sauf bois feuillards coupés en longueur et munis d'encoches aux extrémités, bois pour montures de brosses et ébauches de formes pour chaussures)""",44,"2020-08-31 07:24:26.558547","2020-08-31 07:24:26.558547",NULL,0,5
12285,"1610","161022","4405","4405 00",9,"""en""=>""Wood wool; wood flour \""wood powder able to pass through a fine\"", 0,63 mm mesh, sieve with a residue of <= 8% by weight"", ""fr""=>""Laine [paille] de bois; farine de bois, c'est-à-dire la poudre de bois passant, avec au maximum 8% en poids de déchets, au tamis ayant une ouverture de mailles de 0,63 mm""",44,"2020-09-17 09:06:10.164221","2020-09-17 09:06:10.164221",NULL,0,NULL
5572,NULL,NULL,"4406","4406",NULL,"""en""=>""Railway or tramway sleepers \""cross-ties\"" of wood"", ""fr""=>""Traverses en bois pour voies ferrées ou simil.""",44,"2020-08-31 07:24:26.558547","2020-08-31 07:24:26.558547",NULL,0,5
5614,"1610","161010","4407","4407 28 91",9,"""en""=>""Iroko, sawn or chipped lengthwise, sliced or peeled, of a thickness of > 6 mm, planed (excl. end-jointed)"", ""fr""=>""Bois d'iroko, sciés ou dédossés longitudinalement, tranchés ou déroulés, d'une épaisseur > 6 mm, rabotés (à l'excl. des bois collés par assemblage en bout)""",44,"2020-08-31 07:24:26.558547","2020-08-31 07:24:26.558547",NULL,0,5
5655,NULL,NULL,"4408","4408",NULL,"""en""=>""Sheets for veneering, incl. those obtained by slicing laminated wood, for plywood or for other similar laminated wood and other wood, sawn lengthwise, sliced or peeled, whether or not planed, sanded, spliced or end-jointed, of a thickness of <= 6 mm"", ""fr""=>""Feuilles pour placage (y.c. celles obtenues par tranchage de bois stratifié), feuilles pour contre-plaqués ou pour autres bois stratifiés simil. et autres bois sciés longitudinalement, tranchés ou déroulés, même rabotés, poncés, assemblés bord à bord ou en bout, d'une épaisseur <= 6 mm""",44,"2020-08-31 07:24:26.558547","2020-08-31 07:24:26.558547",NULL,0,5
5678,NULL,NULL,"4409","4409",NULL,"""en""=>""Wood, incl. strips and friezes for parquet flooring, not assembled, continuously shaped \""tongued, grooved, rebated, chamfered, V-jointed beaded, moulded, rounded or the like\"" along any of its edges, ends or faces, whether or not planed, sanded or end-jointed"", ""fr""=>""Bois (y.c. les lames et frises à parquet, non assemblées), profilés (languetés, rainés, bouvetés, feuillurés, chanfreinés, joints en V, moulurés, arrondis ou simil.) tout au long d'une ou de plusieurs rives, faces ou bouts, même rabotés, poncés ou collés par assemblage en bout""",44,"2020-08-31 07:24:26.558547","2020-08-31 07:24:26.558547",NULL,0,5
5688,NULL,NULL,"4410","4410",NULL,"""en""=>""Particle board, oriented strand board \""OSB\"" and similar board \""e.g. waferboard\"" of wood or other ligneous materials, whether or not agglomerated with resins or other organic binding substances (excl. fibreboard, veneered particle board, cellular wood panels and board of ligneous materials agglomerated with cement, plaster or other mineral bonding agents)"", ""fr""=>""Panneaux de particules, panneaux dits 'oriented strand board' [OSB] et panneaux similaires [p.ex. 'waferboards'], en bois ou en autres matières ligneuses, même agglomérées avec des résines ou d'autres liants organiques (à l'excl. des panneaux de fibres, des panneaux de particules plaqués, des panneaux cellulaires en bois ainsi que des panneaux constitués par des matières ligneuses agglomérées avec du ciment, du plâtre ou d'autres liants minéraux)""",44,"2020-08-31 07:24:26.558547","2020-08-31 07:24:26.558547",NULL,0,5
5699,NULL,NULL,"4411","4411",NULL,"""en""=>""Fibreboard of wood or other ligneous materials, whether or not agglomerated with resins or other organic bonding agents (excl. particle board, whether or not bonded with one or more sheets of fibreboard; laminated wood with a layer of plywood; composite panels with outer layers of fibreboard; paperboard; furniture components identifiable as such)"", ""fr""=>""Panneaux de fibres de bois ou autres matières ligneuses, même agglomérées avec des résines ou autres liants organiques (sauf carton, panneaux de particules, même stratifiés avec un ou plusieurs panneaux de fibres, bois stratifiés à âme en panneaux de fibres, panneaux cellulaires en bois dont les deux faces sont constituées par un panneau de fibres et panneaux reconnaissables comme étant des parties de meubles)""",44,"2020-08-31 07:24:26.558547","2020-08-31 07:24:26.558547",NULL,0,5
5718,NULL,NULL,"4412","4412",NULL,"""en""=>""Plywood, veneered panel and similar laminated wood (excl. sheets of compressed wood, cellular wood panels, parquet panels or sheets, inlaid wood and sheets identifiable as furniture components)"", ""fr""=>""Bois contre-plaqués, bois plaqués et bois stratifiés simil. (à l'excl. des panneaux en bois dits 'densifiés', des panneaux cellulaires en bois, des panneaux pour parquets, des bois marquetés ou incrustés ainsi que des panneaux reconnaissables comme étant des parties de meubles)""",44,"2020-08-31 07:24:26.558547","2020-08-31 07:24:26.558547",NULL,0,5
12286,"1621","162122","4413","4413 00",9,"""en""=>""Metallised wood and other densified wood in blocks, plates, strips or profile shapes"", ""fr""=>""Bois dits 'densifiés', en blocs, planches, lames ou profilés""",44,"2020-09-17 09:06:10.164221","2020-09-17 09:06:10.164221",NULL,0,NULL
5736,"1629","162914","4414","4414 00 10",9,"""en""=>""Wooden frames for paintings, photographs, mirrors or similar objects, of tropical wood \""okoumé, obeche, sapelli, sipo, acajou d'Afrique, makoré, iroko, tiama, mansonia, ilomba, dibétou, limba, azobé, dark red meranti, light red meranti, meranti bakau, white lauan, white meranti, white seraya, yellow meranti, alan, keruing, ramin, kapur, teak, jongkong, merbau, jelutong, kempas, virola, mahogany \""Swietenia spp.\"", imbuia, balsa, palissandre de Rio, palissandre du Brésil and palissandre de Rose\"""", ""fr""=>""Cadres pour tableaux, photographies, miroirs ou objets simil., en bois tropicaux [okoumé, obeche, sapelli, sipo, acajou d'Afrique, makoré, iroko, tiama, mansonia, ilomba, dibétou, limba, azobé, dark red meranti, light red meranti, meranti bakau, white lauan, white meranti, white seraya, yellow meranti, alan, keruing, ramin, kapur, teak, jongkong, merbau, jelutong, kempas, virola, mahogany 'swietenia spp.', imbuia, balsa, palissandre]""",44,"2020-08-31 07:24:26.558547","2020-08-31 07:24:26.558547",NULL,0,5
5738,NULL,NULL,"4415","4415",NULL,"""en""=>""Packing cases, boxes, crates, drums and similar packings, of wood; cable-drums of wood; pallets, box pallets and other load boards, of wood; pallet collars of wood (excl. containers specially designed and equipped for one or more modes of transport)"", ""fr""=>""Caisses, caissettes, cageots, cylindres et emballages simil., en bois; tambours [tourets] pour câbles, en bois; palettes simples, palettes-caisses et autres plateaux de chargement, en bois; rehausses de palettes en bois (à l'excl. des cadres et conteneurs spécialement conçus et équipés pour un ou plusieurs modes de transport)""",44,"2020-08-31 07:24:26.558547","2020-08-31 07:24:26.558547",NULL,0,5
12287,"1624","162412","4416","4416 00",9,"""en""=>""Casks, barrels, vats, tubs and other coopers' products parts thereof, of wood, incl. staves"", ""fr""=>""Futailles, cuves, baquets et autres ouvrages de tonnellerie et leurs parties reconnaissables, en bois, y.c. les merrains""",44,"2020-09-17 09:06:10.164221","2020-09-17 09:06:10.164221",NULL,0,NULL
12288,"1629","162911","4417","4417 00",9,"""en""=>""Tools, tool bodies, tool handles, broom or brush bodies and handles, of wood; boot or shoe lasts and shoetrees, of wood (excl. forms used in the manufacture of hats, forms of heading 8480, other machines and machine components, of wood)"", ""fr""=>""Outils, montures et manches d'outils, montures de brosses, manches de balais ou de brosses, en bois; formes, embauchoirs et tendeurs pour chaussures, en bois (à l'excl. des moules du n° 8480, des formes de chapellerie ainsi que des machines et parties de machines, en bois)""",44,"2020-09-17 09:06:10.164221","2020-09-17 09:06:10.164221",NULL,0,NULL
5754,"1623","162311","4418","4418 20 50",9,"""en""=>""Doors and their frames and thresholds, of coniferous wood"", ""fr""=>""Portes et leurs cadres et chambranles et seuils, en bois de conifères""",44,"2020-08-31 07:24:26.558547","2020-08-31 07:24:26.558547",NULL,0,5
5769,NULL,NULL,"4419","4419",NULL,"""en""=>""Tableware and kitchenware, of wood (excl. interior fittings, ornaments, coopers' products, tableware and kitchenware components of wood, brushes, brooms and hand sieves)"", ""fr""=>""Articles en bois pour la table ou la cuisine (à l’exclusion des articles d’ameublement, des objets d’ornement, des ouvrages de tonnellerie, des parties d’articles en bois pour la table ou la cuisine, des balais, des brosses ainsi que des tamis et cribles à main)""",44,"2020-08-31 07:24:26.558547","2020-08-31 07:24:26.558547",NULL,0,5
5781,"1629","162913","4420","4420 90 10",9,"""en""=>""Wood marquetry and inlaid wood (excl. statuettes and other ornaments, articles of furniture, lamps and lighting fittings and parts thereof)"", ""fr""=>""Bois marquetés et bois incrustés (à l'excl. des statuettes et autres objets d'ornement, des meubles, des appareils d'éclairage ainsi que des parties de meubles ou d'appareils d'éclairage)""",44,"2020-08-31 07:24:26.558547","2020-08-31 07:24:26.558547",NULL,0,5
5784,NULL,NULL,"4421","4421",NULL,"""en""=>""Other articles of wood, n.e.s."", ""fr""=>""Ouvrages en bois, n.d.a.""",44,"2020-08-31 07:24:26.558547","2020-08-31 07:24:26.558547",NULL,0,5
5791,NULL,NULL,"4501","4501",NULL,"""en""=>""Natural cork, raw or merely surface-worked or otherwise cleaned; cork waste; crushed, powdered or ground cork"", ""fr""=>""Liège naturel brut ou simpl. préparé, c'est-à-dire simpl. nettoyé en surface; déchets de liège; liège concassé, granulé ou pulvérisé""",45,"2020-08-31 07:24:26.558547","2020-08-31 07:24:26.558547",NULL,0,1
12289,"1629","162921","4502","4502 00",9,"""en""=>""Natural cork, debacked or roughly squared, or in square or rectangular blocks, plates, sheets or strip, incl. sharp-edged blanks for corks or stoppers"", ""fr""=>""Liège naturel, écroûté ou simpl. équarri, ou en cubes, plaques, feuilles ou bandes de forme carrée ou rectangulaire, y.c. les ébauches à arêtes vives pour bouchons""",45,"2020-09-17 09:06:10.164221","2020-09-17 09:06:10.164221",NULL,0,NULL
5795,NULL,NULL,"4503","4503",NULL,"""en""=>""Articles of natural cork (excl. cork in square or rectangular blocks, plates, sheets or strips; sharp-edged blanks for corks or stoppers; footware and parts thereof; insoles, whether or not removable; headgear and parts thereof; plugs and dividers for shotgun cartridges; toys, games and sports equipment and parts thereof)"", ""fr""=>""Ouvrages en liège naturel (à l'excl. des cubes, plaques, feuilles ou bandes de forme carrée ou rectangulaire, des ébauches à arêtes vives pour bouchons, des chaussures et leurs parties, notamment les semelles intérieures amovibles, des coiffures et leurs parties, des bourres et séparateurs pour cartouches de chasse ainsi que des jeux, jouets et engins sportifs et leurs parties)""",45,"2020-08-31 07:24:26.558547","2020-08-31 07:24:26.558547",NULL,0,5
5803,"1629","162923","4504","4504 10 19",9,"""en""=>""Corks and stoppers, cylindrical, of agglomerated cork (excl. such products for sparkling wine)"", ""fr""=>""Bouchons cylindriques, en liège aggloméré (à l'excl. des articles pour vins mousseux)""",45,"2020-08-31 07:24:26.558547","2020-08-31 07:24:26.558547",NULL,0,5
5809,NULL,NULL,"4601","4601",NULL,"""en""=>""Plaits and similar products of plaiting materials, whether or not assembled into strips; plaiting materials, plaits and similar products of plaiting materials, flat-woven or bound together in parallel, whether or not having the appearance of finished articles, e.g. mats, matting, screens (excl. wallcoverings of heading 4814; twine, cord and rope; parts of footware or headgear)"", ""fr""=>""Tresses et articles simil. en matières à tresser, même assemblés en bandes; matières à tresser, tresses et articles simil. en matières à tresser, tissés ou parallélisés, à plat, même finis [nattes, paillassons et claies, p.ex.] (à l'excl. des revêtements muraux du n° 4814 ainsi que des ficelles, cordes et cordages ou des parties de chaussures ou de coiffures)""",46,"2020-08-31 07:24:26.558547","2020-08-31 07:24:26.558547",NULL,0,5
5835,NULL,NULL,"4602","4602",NULL,"""en""=>""Basketwork, wickerwork and other articles, made directly to shape from plaiting materials or made up from goods of heading 4601, and articles of loofah (excl. wallcoverings of heading 4814; twine, cord and rope; footware and headgear and parts thereof; vehicles and vehicle superstructures; goods of chapter 94, e.g. furniture, lighting fixtures)"", ""fr""=>""Ouvrages de vannerie obtenus directement en forme à partir de matières à tresser ou confectionnés à l'aide des articles du n° 4601; ouvrages en luffa (à l'excl. des revêtements muraux du n° 4814, des ficelles, cordes et cordages, des chaussures, coiffures et leurs parties, des véhicules et corps de caisses pour véhicules ainsi que des articles du chapitre 94 [p.ex. meubles, appareils d'éclairage])""",46,"2020-08-31 07:24:26.558547","2020-08-31 07:24:26.558547",NULL,0,5
5843,"1711","171114","4701","4701 00 10",10,"""en""=>""Thermo-mechanical wood pulp, not chemically treated"", ""fr""=>""Pâtes thermomécaniques de bois, non traitées chimiquement""",47,"2020-08-31 07:24:26.558547","2020-08-31 07:24:26.558547",NULL,0,5
12290,"1711","171111","4702","4702 00",10,"""en""=>""Chemical wood pulp, dissolving grades"", ""fr""=>""Pâtes chimiques de bois, à dissoudre""",47,"2020-09-17 09:06:10.164221","2020-09-17 09:06:10.164221",NULL,0,NULL
5846,NULL,NULL,"4703","4703",NULL,"""en""=>""Chemical wood pulp, soda or sulphate (excl. dissolving grades)"", ""fr""=>""Pâtes chimiques de bois, à la soude ou au sulfate (à l'excl. des pâtes à dissoudre)""",47,"2020-08-31 07:24:26.558547","2020-08-31 07:24:26.558547",NULL,0,5
5851,NULL,NULL,"4704","4704",NULL,"""en""=>""Chemical wood pulp, sulphite (excl. dissolving grades)"", ""fr""=>""Pâtes chimiques de bois, au bisulfite (à l'excl. des pâtes à dissoudre)""",47,"2020-08-31 07:24:26.558547","2020-08-31 07:24:26.558547",NULL,0,5
12291,"1711","171114","4705","4705 00",10,"""en""=>""Wood pulp obtained by a combination of mechanical and chemical pulping processes"", ""fr""=>""Pâtes de bois obtenues par la combinaison d'un traitement mécanique et d'un traitement chimique""",47,"2020-09-17 09:06:10.164221","2020-09-17 09:06:10.164221",NULL,0,NULL
5858,"1711","171114","4706","4706 10 00",10,"""en""=>""Pulp of cotton linters"", ""fr""=>""Pâtes de linters de coton""",47,"2020-08-31 07:24:26.558547","2020-08-31 07:24:26.558547",NULL,0,5
5864,NULL,NULL,"4707","4707",NULL,"""en""=>""Recovered \""waste and scrap\"" paper or paperboard (excl. paper wool)"", ""fr""=>""Papiers ou cartons à recycler [déchets et rebuts] (à l'excl. de la laine de papier)""",47,"2020-08-31 07:24:26.558547","2020-08-31 07:24:26.558547",NULL,0,17
12292,"1712","171211","4801","4801 00",10,"""en""=>""Newsprint as specified in Note 4 to chapter 48, in rolls of a width > 28 cm or in square or rectangular sheets with one side > 28 cm and the other side > 15 cm in the unfolded state"", ""fr""=>""Papier journal tel que visé à la note 4 du chapitre 48, en rouleaux d’une largeur > 28 cm ou en feuilles de forme carrée ou rectangulaire dont au moins un côté > 28 cm et l’autre > 15 cm à l’état non plié""",48,"2020-09-17 09:06:10.164221","2020-09-17 09:06:10.164221",NULL,0,NULL
5874,NULL,NULL,"4802","4802",NULL,"""en""=>""Uncoated paper and paperboard, of a kind used for writing, printing or other graphic purposes, and non-perforated punchcards and punch-tape paper, in rolls or in square or rectangular sheets, of any size, and handmade paper and paperboard (excl. newsprint of heading 4801 and paper of heading 4803)"", ""fr""=>""Papiers et cartons, non couchés ni enduits, des types utilisés pour l'écriture, l'impression ou d'autres fins graphiques, et papiers et cartons pour cartes ou bandes à perforer, non perforés, en rouleaux ou en feuilles de forme carrée ou rectangulaire, de tout format; papiers et cartons formés feuille à feuille [papiers et cartons à la main] (à l'excl. du papier journal du n° 4801 et des papiers du n° 4803)""",48,"2020-08-31 07:24:26.558547","2020-08-31 07:24:26.558547",NULL,0,5
5899,"1712","171220","4803","4803 00 10",10,"""en""=>""Cellulose wadding in rolls of a width > 36 cm or in square or rectangular sheets with one side > 36 cm and the other side > 15 cm in the unfolded state"", ""fr""=>""Ouate de cellulose, en rouleaux d'une largeur > 36 cm ou en feuilles de forme carrée ou rectangulaire dont un côté au moins > 36 cm et l'autre > 15 cm à l'état non plié""",48,"2020-08-31 07:24:26.558547","2020-08-31 07:24:26.558547",NULL,0,5
5913,"1712","171232","4804","4804 19 90",10,"""en""=>""Kraftliner, uncoated, in rolls of a width > 36 cm (excl. unbleached, kraftliner containing >= 80% coniferous wood sulphate or soda pulp by weight in relation to the total fibre content, and goods of heading 4802 and 4803)"", ""fr""=>""Papiers et cartons pour couverture, dits 'kraftliner', non couchés ni enduits, en rouleaux d'une largeur > 36 cm (à l'excl. des articles des n° 4802 et 4803 ainsi que des produits écrus ou des produits dont >= 80% en poids de la composition fibreuse totale sont constitués par des fibres de conifères obtenues par le procédé chimique au sulfate ou à la soude)""",48,"2020-08-31 07:24:26.558547","2020-08-31 07:24:26.558547",NULL,0,5
5938,NULL,NULL,"4805","4805",NULL,"""en""=>""Other paper and paperboard, uncoated, in rolls of a width > 36 cm or in square or rectangular sheets with one side > 36 cm and the other side > 15 cm in the unfolded state, not worked other than as specified in Note 3 to this chapter, n.e.s."", ""fr""=>""Papiers et cartons, non couchés ni enduits, en rouleaux d'une largeur > 36 cm ou en feuilles de forme carrée ou rectangulaire dont au moins un côté > 36 cm et l'autre > 15 cm à l'état non plié, n'ayant pas subi d'ouvraison complémentaire ou de traitements autres que ceux stipulés dans la note 3 du présent chapitre, n.d.a.""",48,"2020-08-31 07:24:26.558547","2020-08-31 07:24:26.558547",NULL,0,5
5954,NULL,NULL,"4806","4806",NULL,"""en""=>""Vegetable parchment, greaseproof papers, tracing papers and glassine and other glazed transparent or translucent papers, in rolls of a width > 36 cm or in square or rectangular sheets with one side > 36 cm and the other side > 15 cm in the unfolded state"", ""fr""=>""Papiers et cartons sulfurisés, papiers ingraissables, papiers-calques et papier dit 'cristal' et autres papiers calandrés transparents ou translucides, en rouleaux d'une largeur > 36 cm ou en feuilles de forme carrée ou rectangulaire dont au moins un côté > 36 cm et l'autre > 15 cm à l'état non plié""",48,"2020-08-31 07:24:26.558547","2020-08-31 07:24:26.558547",NULL,0,5
5962,"1712","171271","4807","4807 00 30",10,"""en""=>""Composite paper and paperboard made from recovered paper, whether or not covered with paper, not surface-coated or impregnated, whether or not internally reinforced, in rolls of a width > 36 cm or in square or rectangular sheets with one side > 36 cm and the other side > 15 cm in the unfolded state (excl. that laminated internally with bitumen, tar or asphalt)"", ""fr""=>""Papiers et cartons, à base de papiers recyclés, assemblés à plat par collage, même recouverts de papier, non couchés ni enduits à la surface ni imprégnés, même renforcés intérieurement, en rouleaux d'une largeur > 36 cm ou en feuilles de forme carrée ou rectangulaire dont au moins un côté > 36 cm et l'autre > 15 cm à l'état non plié (à l'excl. des papiers et cartons 'entre-deux' assemblés avec du bitume, du goudron ou de l'asphalte)""",48,"2020-08-31 07:24:26.558547","2020-08-31 07:24:26.558547",NULL,0,5
5966,"1712","171241","4808","4808 40 00",10,"""en""=>""Kraft paper, creped or crinkled, whether or not embossed or perforated, in rolls of a width > 36 cm or in square or rectangular sheets with one side > 36 cm and the other side > 15 cm in the unfolded state"", ""fr""=>""Papiers kraft, crêpés ou plissés, même gaufrés, estampés ou perforés, en rouleaux d'une largeur > 36 cm ou en feuilles de forme carrée ou rectangulaire dont au moins un côté > 36 cm et l'autre > 15 cm à l'état non plié""",48,"2020-08-31 07:24:26.558547","2020-08-31 07:24:26.558547",NULL,0,5
5968,NULL,NULL,"4809","4809",NULL,"""en""=>""Carbon paper, self-copy paper and other copying or transfer papers, incl. coated or impregnated paper for duplicator stencils or offset plates, whether or not printed, in rolls of a width > 36 cm or in square or rectangular sheets with one side > 36 cm and the other side > 15 cm in the unfolded state"", ""fr""=>""Papiers carbone, papiers dits 'autocopiants' et autres papiers pour duplication ou reports (y.c. les papiers couchés, enduits ou imprégnés pour stencils ou pour plaques offset), même imprimés, en rouleaux d'une largeur > 36 cm ou en feuilles de forme carrée ou rectangulaire dont un côté au moins > 36 cm à l'état non plié""",48,"2020-08-31 07:24:26.558547","2020-08-31 07:24:26.558547",NULL,0,5
5971,NULL,NULL,"4810","4810",NULL,"""en""=>""Paper and paperboard, coated on one or both sides with kaolin \""China clay\"" or other inorganic substances, with or without a binder, and with no other coating, whether or not surface-coloured, surface-decorated or printed, in rolls or in square or rectangular sheets, of any size (excl. all other coated papers and paperboards)"", ""fr""=>""Papiers et cartons couchés au kaolin ou à d'autres substances inorganiques sur une ou sur les deux faces, avec ou sans liants, même coloriés en surface, décorés en surface ou imprimés, en rouleaux ou en feuilles de forme carrée ou rectangulaire, de tout format (à l'excl. de tout autre couchage ou enduction)""",48,"2020-08-31 07:24:26.558547","2020-08-31 07:24:26.558547",NULL,0,5
5992,"1712","171277","4811","4811 10 00",10,"""en""=>""Tarred, bituminised or asphalted paper and paperboard, in rolls or in square or rectangular sheets, of any size"", ""fr""=>""Papiers et cartons goudronnés, bitumés ou asphaltés, en rouleaux ou en feuilles de forme carrée ou rectangulaire, de tout format""",48,"2020-08-31 07:24:26.558547","2020-08-31 07:24:26.558547",NULL,0,5
12294,"1729","172912","4812","4812 00",10,"""en""=>""Filter blocks, slabs and plates, of paper pulp"", ""fr""=>""Blocs filtrants et plaques filtrantes, en pâte à papier""",48,"2020-09-17 09:06:10.164221","2020-09-17 09:06:10.164221",NULL,0,NULL
6002,NULL,NULL,"4813","4813",NULL,"""en""=>""Cigarette paper, whether or not cut to size or in the form of booklets or tubes"", ""fr""=>""Papier à cigarettes, même découpé à format ou en cahiers ou en tubes""",48,"2020-08-31 07:24:26.558547","2020-08-31 07:24:26.558547",NULL,0,5
6009,"1724","172411","4814","4814 20 00",10,"""en""=>""Wallpaper and similar wallcoverings of paper, consisting of paper coated or covered, on the face side, with a grained, embossed, coloured or design-printed or otherwise decorated layer of plastics"", ""fr""=>""Papiers peints et revêtements muraux simil., constitués par du papier enduit ou recouvert, sur l'endroit, d'une couche de matière plastique grainée, gaufrée, coloriée, imprimée de motifs ou autrement décorée""",48,"2020-08-31 07:24:26.558547","2020-08-31 07:24:26.558547",NULL,0,5
6013,NULL,NULL,"4816","4816",NULL,"""en""=>""Carbon paper, self-copy paper and other copying or transfer papers, in rolls of a width of <= 36 cm or in rectangular or square sheets with no side measuring > 36 cm in the unfolded state, or cut into shapes other than rectangles or squares, together with full duplicator stencils and offset plates of paper, whether or not in boxes"", ""fr""=>""Papiers carbone, papiers dits 'autocopiants' et autres papiers pour duplication ou reports (présentés en rouleaux d'une largeur <= 36 cm ou en feuilles carrées ou rectangulaires dont aucun côté > 36 cm à l'état non plié, ou découpés de forme autre que carrée ou rectangulaire), stencils complets et plaques offset, en papier, même conditionnés en boîtes""",48,"2020-08-31 07:24:26.558547","2020-08-31 07:24:26.558547",NULL,0,5
6017,"1723","172312","4817","4817 10 00",10,"""en""=>""Envelopes of paper or paperboard (excl. letter cards)"", ""fr""=>""Enveloppes, en papier ou en carton""",48,"2020-08-31 07:24:26.558547","2020-08-31 07:24:26.558547",NULL,0,5
6020,NULL,NULL,"4818","4818",NULL,"""en""=>""Toilet paper and similar paper, cellulose wadding or webs of cellulose fibres, of a kind used for household or sanitary purposes, in rolls of a width <= 36 cm, or cut to size or shape; handkerchiefs, cleansing tissues, towels, tablecloths, serviettes, bedsheets and similar household, sanitary or hospital articles, articles of apparel and clothing accessories, of paper pulp, paper, cellulose wadding or webs of cellulose fibres"", ""fr""=>""Papiers des types utilisés pour papiers de toilette et pour papiers similaires, ouate de cellulose ou nappes de fibres de cellulose, des types utilisés à des fins domestiques ou sanitaires, en rouleaux d'une largeur n'excédant pas 36 cm, ou coupés à format; mouchoirs, serviettes à démaquiller, essuie-mains, nappes, serviettes de table, draps de lit et articles similaires à usages domestiques, de toilette, hygiéniques ou hospitaliers, vêtements et accessoires du vêtement, en pâte à papier, papier, ouate de cellulose ou nappes de fibres de cellulose""",48,"2020-08-31 07:24:26.558547","2020-08-31 07:24:26.558547",NULL,0,5
6033,NULL,NULL,"4819","4819",NULL,"""en""=>""Cartons, boxes, cases, bags and other packing containers, of paper, paperboard, cellulose wadding or webs of cellulose fibres, n.e.s.; box files, letter trays, and similar articles, of paperboard of a kind used in offices, shops or the like"", ""fr""=>""Boîtes, sacs, pochettes, cornets et autres emballages en papier, carton, ouate de cellulose ou nappes de fibres de cellulose, n.d.a.; cartonnages de bureau, de magasin ou simil., rigides""",48,"2020-08-31 07:24:26.558547","2020-08-31 07:24:26.558547",NULL,0,5
6044,"1723","172313","4820","4820 10 50",10,"""en""=>""Diaries with calendars, of paper or paperboard"", ""fr""=>""Agendas en papier ou carton""",48,"2020-08-31 07:24:26.558547","2020-08-31 07:24:26.558547",NULL,0,5
6051,NULL,NULL,"4821","4821",NULL,"""en""=>""Paper or paperboard labels of all kinds, whether or not printed"", ""fr""=>""Étiquettes de tous genres, en papier ou en carton, imprimées ou non""",48,"2020-08-31 07:24:26.558547","2020-08-31 07:24:26.558547",NULL,0,5
6058,NULL,NULL,"4822","4822",NULL,"""en""=>""Bobbins, spools, cops and similar supports of paper pulp, paper or paperboard, whether or not perforated or hardened"", ""fr""=>""Tambours, bobines, fusettes, canettes et supports simil., en pâte à papier, papier ou carton, même perforés ou durcis""",48,"2020-08-31 07:24:26.558547","2020-08-31 07:24:26.558547",NULL,0,5
6061,NULL,NULL,"4823","4823",NULL,"""en""=>""Paper, paperboard, cellulose wadding and webs of cellulose fibres, in strips or rolls of a width <= 36 cm, in rectangular or square sheets of which no side > 36 cm in the unfolded state, or cut to shape other than rectangular or square, and articles of paper pulp, paper, paperboard, cellulose wadding or webs or cellulose fibres, n.e.s."", ""fr""=>""Papiers, cartons, ouate de cellulose et nappes de fibres de cellulose, présentés en bandes ou en rouleaux d'une largeur <= 36 cm ou en feuilles de forme carrée ou rectangulaire dont aucun côté > 36 cm à l'état non plié, ou découpés de forme autre que carrée ou rectangulaire, et ouvrages en pâte à papier, papier, carton, ouate de cellulose ou nappes de fibres de cellulose, n.d.a.""",48,"2020-08-31 07:24:26.558547","2020-08-31 07:24:26.558547",NULL,0,5
6074,NULL,NULL,"4901","4901",NULL,"""en""=>""Printed books, brochures and similar printed matter, whether or not in single sheets (excl. periodicals and publications which are essentially devoted to advertising)"", ""fr""=>""Livres, brochures et imprimés simil., même sur feuillets isolés (à l'excl. des publications périodiques et des publications à usages principalement publicitaires)""",49,"2020-08-31 07:24:26.558547","2020-08-31 07:24:26.558547",NULL,0,19
6078,NULL,NULL,"4902","4902",NULL,"""en""=>""Newspapers, journals and periodicals, whether or not illustrated or containing advertising material"", ""fr""=>""Journaux et publications périodiques imprimés, même illustrés ou contenant de la publicité""",49,"2020-08-31 07:24:26.558547","2020-08-31 07:24:26.558547",NULL,0,19
12293,"5811","581113","4903","4903 00",10,"""en""=>""Children's picture, drawing or colouring books"", ""fr""=>""Albums ou livres d'images et albums à dessiner ou à colorier, pour enfants""",49,"2020-09-17 09:06:10.164221","2020-09-17 09:06:10.164221",NULL,0,NULL
12276,"5920","592031","4904","4904 00",10,"""en""=>""Music, printed or in manuscript, whether or not bound or illustrated"", ""fr""=>""Musique manuscrite ou imprimée, illustrée ou non, même reliée""",49,"2020-09-17 09:06:10.164221","2020-09-17 09:06:10.164221",NULL,0,NULL
6083,NULL,NULL,"4905","4905",NULL,"""en""=>""Maps and hydrographic or similar charts of all kinds, incl. atlases, wall maps, topographical plans and globes, printed (excl. maps, plans and globes, in relief)"", ""fr""=>""Ouvrages cartographiques de tous genres, y.c. les cartes murales, les plans topographiques et les globes, imprimés (à l'excl. des cartes, plans et globes en relief)""",49,"2020-08-31 07:24:26.558547","2020-08-31 07:24:26.558547",NULL,0,19
12295,"7111","711110","4906","4906 00",10,"""en""=>""Plans and drawings for architectural, engineering, industrial, commercial, topographical or similar purposes, being originals drawn by hand; handwritten texts; photographic reproductions on sensitised paper and carbon copies of the foregoing"", ""fr""=>""Plans et dessins d'architectes, d'ingénieurs et autres plans et dessins industriels, commerciaux, topographiques ou simil., obtenus en original à la main; textes écrits à la main; reproductions photographiques sur papier sensibilisé et copies obtenues au carbone des plans, dessins ou textes visés ci-dessus""",49,"2020-09-17 09:06:10.164221","2020-09-17 09:06:10.164221",NULL,0,NULL
6089,"5819","581914","4907","4907 00 10",10,"""en""=>""Unused postage, revenue or similar stamps of current or new issue in the country in which they have, or will have, a recognised face value"", ""fr""=>""Timbres-poste, timbres fiscaux et analogues, non oblitérés, ayant cours ou destinés à avoir cours dans le pays dans lequel ils ont, ou auront, une valeur faciale reconnue""",49,"2020-08-31 07:24:26.558547","2020-08-31 07:24:26.558547",NULL,0,19
6092,NULL,NULL,"4908","4908",NULL,"""en""=>""Transfers \""decalcomanias\"""", ""fr""=>""Décalcomanies de tous genres""",49,"2020-08-31 07:24:26.558547","2020-08-31 07:24:26.558547",NULL,0,19
12296,"5819","581911","4909","4909 00",10,"""en""=>""Printed or illustrated postcards; printed cards bearing personal greetings, messages or announcements, whether or not illustrated, with or without envelopes or trimmings"", ""fr""=>""Cartes postales imprimées ou illustrées; cartes imprimées comportant des voeux ou des messages personnels, même illustrées, avec ou sans enveloppes, garnitures ou applications""",49,"2020-09-17 09:06:10.164221","2020-09-17 09:06:10.164221",NULL,0,NULL
12297,"5819","581913","4910","4910 00",10,"""en""=>""Calendars of any kinds, printed, incl. calendars blocks"", ""fr""=>""Calendriers de tous genres, imprimés, y.c. les blocs de calendriers à effeuiller""",49,"2020-09-17 09:06:10.164221","2020-09-17 09:06:10.164221",NULL,0,NULL
6097,NULL,NULL,"4911","4911",NULL,"""en""=>""Printed matter, incl. printed pictures and photographs, n.e.s."", ""fr""=>""Imprimés, y.c. les images, les gravures et les photographies, n.d.a.""",49,"2020-08-31 07:24:26.558547","2020-08-31 07:24:26.558547",NULL,0,19
12298,"0149","014925","5001","5001 00",11,"""en""=>""Silkworm cocoons suitable for reeling"", ""fr""=>""Cocons de vers à soie propres au dévidage""",50,"2020-09-17 09:06:10.164221","2020-09-17 09:06:10.164221",NULL,0,NULL
12299,"1310","131021","5002","5002 00",11,"""en""=>""Raw silk \""non-thrown\"""", ""fr""=>""Soie grège [non moulinée]""",50,"2020-09-17 09:06:10.164221","2020-09-17 09:06:10.164221",NULL,0,NULL
12300,"3811","381156","5003","5003 00",11,"""en""=>""Silk waste, incl. cocoons unsuitable for reeling, yarn waste and garnetted stock"", ""fr""=>""Déchets de soie, y.c. les cocons non dévidables, les déchets de fils et les effilochés""",50,"2020-09-17 09:06:10.164221","2020-09-17 09:06:10.164221",NULL,0,NULL
6107,"1310","131040","5004","5004 00 10",11,"""en""=>""Silk yarn, unbleached, scoured or bleached (excl. that spun from silk waste and that put up for retail sale)"", ""fr""=>""Fils de soie, écrus, décrués ou blanchis (sauf les fils de déchets de soie et les fils conditionnés pour la vente au détail)""",50,"2020-08-31 07:24:26.558547","2020-08-31 07:24:26.558547",NULL,0,4
12612,NULL,NULL,"5005","5005",NULL,"""en""=>""Yarn spun from silk waste (excl. that put up for retail sale)"", ""fr""=>""Fils de déchets de soie, non conditionnés pour la vente au détail""",50,"2020-09-17 09:06:10.164221","2020-09-17 09:06:10.164221",NULL,0,4
6113,"1310","131040","5006","5006 00 10",11,"""en""=>""Silk yarn, put up for retail sale (excl. yarn spun from silk waste)"", ""fr""=>""Fils de soie, conditionnés pour la vente au détail (à l'excl. des fils de déchets de soie ou de la bourrette)""",50,"2020-08-31 07:24:26.558547","2020-08-31 07:24:26.558547",NULL,0,4
6115,NULL,NULL,"5007","5007",NULL,"""en""=>""Woven fabrics of silk or of silk waste"", ""fr""=>""Tissus de soie ou de déchets de soie""",50,"2020-08-31 07:24:26.558547","2020-08-31 07:24:26.558547",NULL,0,4
6134,NULL,NULL,"5101","5101",NULL,"""en""=>""Wool, neither carded nor combed"", ""fr""=>""Laines, non cardées ni peignées""",51,"2020-08-31 07:24:26.558547","2020-08-31 07:24:26.558547",NULL,0,4
6140,NULL,NULL,"5102","5102",NULL,"""en""=>""Fine or coarse animal hair, neither carded nor combed (excl. wool, hair and bristles used in the manufacture of brooms and brushes, and horsehair from the mane or tail)"", ""fr""=>""Poils fins ou grossiers, non cardés ni peignés (à l'excl. de la laine, des poils et soies de brosserie ainsi que des crins [poils de la crinière ou de la queue])""",51,"2020-08-31 07:24:26.558547","2020-08-31 07:24:26.558547",NULL,0,1
6148,NULL,NULL,"5103","5103",NULL,"""en""=>""Waste of wool or of fine or coarse animal hair, incl. yarn waste (excl. garnetted stock, waste of hair and bristles used in the manufacture of brooms and brushes, and of horsehair from the mane or tail)"", ""fr""=>""Déchets de laine ou de poils fins ou grossiers, y.c. les déchets de fils (à l'excl. des effilochés, des déchets de poils et soies de brosserie ainsi que des déchets de crins [poils de la crinière ou de la queue])""",51,"2020-08-31 07:24:26.558547","2020-08-31 07:24:26.558547",NULL,0,4
12301,"1310","131091","5104","5104 00",11,"""en""=>""Garnetted stock of wool or of fine or coarse animal hair, neither carded nor combed"", ""fr""=>""Effilochés de laine ou de poils fins ou grossiers, non cardés ni peignés""",51,"2020-09-17 09:06:10.164221","2020-09-17 09:06:10.164221",NULL,0,NULL
6156,"1310","131024","5105","5105 10 00",11,"""en""=>""Wool, carded"", ""fr""=>""Laine cardée""",51,"2020-08-31 07:24:26.558547","2020-08-31 07:24:26.558547",NULL,0,4
6162,NULL,NULL,"5106","5106",NULL,"""en""=>""Carded wool yarn (excl. that put up for retail sale)"", ""fr""=>""Fils de laine cardée (non conditionnés pour la vente au détail)""",51,"2020-08-31 07:24:26.558547","2020-08-31 07:24:26.558547",NULL,0,4
6170,NULL,NULL,"5107","5107",NULL,"""en""=>""Yarn of combed wool (excl. that put up for retail sale)"", ""fr""=>""Fils de laine peignée, non conditionnés pour la vente au détail""",51,"2020-08-31 07:24:26.558547","2020-08-31 07:24:26.558547",NULL,0,4
6181,NULL,NULL,"5108","5108",NULL,"""en""=>""Carded or combed yarn of fine animal hair (excl. that of wool or that put up for retail sale)"", ""fr""=>""Fils de poils fins, cardés ou peignés, non conditionnés pour la vente au détail (à l'excl. des fils de laine)""",51,"2020-08-31 07:24:26.558547","2020-08-31 07:24:26.558547",NULL,0,4
6188,NULL,NULL,"5109","5109",NULL,"""en""=>""Yarn of wool or fine animal hair, put up for retail sale"", ""fr""=>""Fils de laine ou de poils fins, conditionnés pour la vente au détail""",51,"2020-08-31 07:24:26.558547","2020-08-31 07:24:26.558547",NULL,0,4
12302,"1310","131050","5110","5110 00",11,"""en""=>""Yarn of coarse animal hair or of horsehair, incl. gimped horsehair yarn, whether or not put up for retail sale (excl. horsehair and yarn not joined together)"", ""fr""=>""Fils de poils grossiers ou de crin, y.c. les fils de crin guipés, même conditionnés pour la vente au détail (à l'excl. des crins non raccordés)""",51,"2020-09-17 09:06:10.164221","2020-09-17 09:06:10.164221",NULL,0,NULL
6194,NULL,NULL,"5111","5111",NULL,"""en""=>""Woven fabrics of carded wool or of carded fine animal hair (excl. fabrics for technical use of heading 5911)"", ""fr""=>""Tissus de laine cardée ou de poils fins cardés (à l'excl. des tissus pour usages techniques du n° 5911)""",51,"2020-08-31 07:24:26.558547","2020-08-31 07:24:26.558547",NULL,0,4
6205,NULL,NULL,"5112","5112",NULL,"""en""=>""Woven fabrics of combed wool or of combed fine animal hair (excl. fabrics for technical purposes of heading 5911)"", ""fr""=>""Tissus de laine peignée ou de poils fins peignés (à l'excl. des tissus pour usages techniques du n° 5911)""",51,"2020-08-31 07:24:26.558547","2020-08-31 07:24:26.558547",NULL,0,4
12303,"1320","132012","5113","5113 00",11,"""en""=>""Woven fabrics of coarse animal hair or of horsehair (excl. fabrics for technical uses of heading 5911)"", ""fr""=>""Tissus de poils grossiers ou de crin (à l'excl. des tissus pour usages techniques du n° 5911)""",51,"2020-09-17 09:06:10.164221","2020-09-17 09:06:10.164221",NULL,0,NULL
6218,"0116","011611","5201","5201 00 10",11,"""en""=>""Cotton, neither carded nor combed, rendered absorbent or bleached"", ""fr""=>""Coton hydrophile ou blanchi, non cardé ni peigné""",52,"2020-08-31 07:24:26.558547","2020-08-31 07:24:26.558547",NULL,0,1
6220,NULL,NULL,"5202","5202",NULL,"""en""=>""Cotton waste, incl. yarn waste and garnetted stock"", ""fr""=>""Déchets de coton, y.c. les déchets de fils et les effilochés""",52,"2020-08-31 07:24:26.558547","2020-08-31 07:24:26.558547",NULL,0,4
12304,"1310","131025","5203","5203 00",11,"""en""=>""Cotton, carded or combed"", ""fr""=>""Coton, cardé ou peigné""",52,"2020-09-17 09:06:10.164221","2020-09-17 09:06:10.164221",NULL,0,NULL
6225,NULL,NULL,"5204","5204",NULL,"""en""=>""Cotton sewing thread, whether or not put up for retail sale"", ""fr""=>""Fils à coudre de coton, même conditionnés pour la vente au détail""",52,"2020-08-31 07:24:26.558547","2020-08-31 07:24:26.558547",NULL,0,4
6229,NULL,NULL,"5205","5205",NULL,"""en""=>""Cotton yarn other than sewing thread, containing >= 85% cotton by weight (excl. that put up for retail sale)"", ""fr""=>""Fils de coton (autres que les fils à coudre), contenant >= 85% en poids de coton, non conditionnés pour la vente au détail""",52,"2020-08-31 07:24:26.558547","2020-08-31 07:24:26.558547",NULL,0,4
6256,NULL,NULL,"5206","5206",NULL,"""en""=>""Cotton yarn containing predominantly, but < 85% cotton by weight (excl. sewing thread and yarn put up for retail sale)"", ""fr""=>""Fils de coton, contenant en prédominance, mais < 85% en poids de coton (sauf les fils à coudre et les fils conditionnés pour la vente au détail)""",52,"2020-08-31 07:24:26.558547","2020-08-31 07:24:26.558547",NULL,0,4
6277,NULL,NULL,"5207","5207",NULL,"""en""=>""Cotton yarn put up for retail sale (excl. sewing thread)"", ""fr""=>""Fils de coton conditionnés pour la vente au détail (sauf les fils à coudre)""",52,"2020-08-31 07:24:26.558547","2020-08-31 07:24:26.558547",NULL,0,4
6305,"1320","132020","5208","5208 32 96",11,"""en""=>""Plain woven fabrics of cotton, containing >= 85% cotton by weight and weighing > 130 g to 200 g/m², dyed, with a width of <= 165 cm"", ""fr""=>""Tissus de coton, teints, à armure toile, contenant >= 85% en poids de coton, d'un poids > 130 g/m² mais <= 200 g/m², d'une largeur <= 165 cm""",52,"2020-08-31 07:24:26.558547","2020-08-31 07:24:26.558547",NULL,0,4
6331,"1320","132020","5209","5209 49 00",11,"""en""=>""Woven fabrics of cotton, containing >= 85% cotton by weight and weighing > 200 g/m², made of yarn of different colours (excl. those in three-thread or four-thread twill, incl. cross twill, and plain woven fabrics)"", ""fr""=>""Tissus de coton, en fils de diverses couleurs, contenant >= 85% en poids de coton, d'un poids > 200 g/m² (à l'excl. des tissus dits 'denim' ainsi que des tissus à armure toile ou à armure sergé, y.c. le croisé, d'un rapport d'armure <= 4)""",52,"2020-08-31 07:24:26.558547","2020-08-31 07:24:26.558547",NULL,0,4
6335,NULL,NULL,"5210","5210",NULL,"""en""=>""Woven fabrics of cotton, containing predominantly, but < 85% cotton by weight, mixed principally or solely with man-made fibres and weighing <= 200 g/m²"", ""fr""=>""Tissus de coton, contenant en prédominance, mais < 85% en poids de coton, mélangés principalement ou uniquement avec des fibres synthétiques ou artificielles, d'un poids <= 200 g/m²""",52,"2020-08-31 07:24:26.558547","2020-08-31 07:24:26.558547",NULL,0,4
6347,NULL,NULL,"5211","5211",NULL,"""en""=>""Woven fabrics of cotton, containing predominantly, but < 85% cotton by weight, mixed principally or solely with man-made fibres and weighing > 200 g/m²"", ""fr""=>""Tissus de coton, contenant en prédominance, mais < 85% en poids de coton, mélangés principalement ou uniquement avec des fibres synthétiques ou artificielles, d'un poids > 200 g/m²""",52,"2020-08-31 07:24:26.558547","2020-08-31 07:24:26.558547",NULL,0,4
6369,"1320","132020","5212","5212 12 10",11,"""en""=>""Woven fabrics of cotton, containing predominantly, but < 85% cotton by weight, mixed principally or solely with flax, weighing <= 200 g/m², bleached"", ""fr""=>""Tissus de coton, blanchis, contenant en prédominance, mais < 85% en poids de coton, mélangés principalement ou uniquement avec du lin, d'un poids <= 200 g/m²""",52,"2020-08-31 07:24:26.558547","2020-08-31 07:24:26.558547",NULL,0,4
6395,NULL,NULL,"5301","5301",NULL,"""en""=>""Flax, raw or processed, but not spun; flax tow and waste, incl. yarn waste and garnetted stock"", ""fr""=>""Lin brut ou travaillé mais non filé; étoupes et déchets de lin, y.c. les déchets de fils et les effilochés""",53,"2020-08-31 07:24:26.558547","2020-08-31 07:24:26.558547",NULL,0,4
6400,NULL,NULL,"5302","5302",NULL,"""en""=>""True hemp \""Cannabis sativa L.\"", raw or processed, but not spun; tow and waste of true hemp, incl. yarn waste and garnetted stock"", ""fr""=>""Chanvre (Cannabis sativa L.) brut ou travaillé mais non filé; étoupes et déchets de chanvre, y.c. les déchets de fils et les effilochés""",53,"2020-08-31 07:24:26.558547","2020-08-31 07:24:26.558547",NULL,0,1
6403,NULL,NULL,"5303","5303",NULL,"""en""=>""Jute and other textile bast fibres, raw or processed, but not spun; tow and waste of such fibres, incl. yarn waste and garnetted stock (excl. flax, true hemp and ramie)"", ""fr""=>""Jute et autres fibres textiles libériennes (à l'excl. du lin, du chanvre et de la ramie), bruts ou travaillés mais non filés; étoupes et déchets de ces fibres, y.c. les déchets de fils et les effilochés""",53,"2020-08-31 07:24:26.558547","2020-08-31 07:24:26.558547",NULL,0,1
12305,"1310","131029","5305","5305 00",11,"""en""=>""Coconut, abaca \""Manila hemp or Musa textilis Nee\"", ramie, agave and other vegetable textile fibres, n.e.s., raw or processed, but not spun; tow, noils and waste of such fibres, incl. yarn waste and garnetted stock"", ""fr""=>""Coco, abaca [chanvre de Manille ou 'Musa textilis Nee'], ramie, agave et autres fibres textiles végétales, n.d.a., bruts ou travaillés mais non filés; étoupes et déchets de ces fibres, y.c. les déchets de fils et les effilochés""",53,"2020-09-17 09:06:10.164221","2020-09-17 09:06:10.164221",NULL,0,NULL
6407,NULL,NULL,"5306","5306",NULL,"""en""=>""Flax yarn"", ""fr""=>""Fils de lin""",53,"2020-08-31 07:24:26.558547","2020-08-31 07:24:26.558547",NULL,0,4
6416,NULL,NULL,"5307","5307",NULL,"""en""=>""Yarn of jute or of other textile bast fibres of heading 5303"", ""fr""=>""Fils de jute ou d'autres fibres textiles libériennes du n° 5303""",53,"2020-08-31 07:24:26.558547","2020-08-31 07:24:26.558547",NULL,0,4
6419,NULL,NULL,"5308","5308",NULL,"""en""=>""Yarn of vegetable textile fibres; paper yarn (excl. flax yarn, yarn of jute or of other textile bast fibres of heading 5303 and cotton yarn)"", ""fr""=>""Fils de fibres textiles végétales (à l'excl. des fils de coton, de lin, de jute ou d'autres fibres textiles libériennes du n° 5303); fils de papier""",53,"2020-08-31 07:24:26.558547","2020-08-31 07:24:26.558547",NULL,0,4
6433,"1320","132013","5309","5309 19 00",11,"""en""=>""Woven fabrics of flax, containing >= 85% flax by weight, dyed, made of yarn of different colours, or printed"", ""fr""=>""Tissus de lin, contenant >= 85% en poids de lin, teints ou en fils de diverses couleurs ou imprimés""",53,"2020-08-31 07:24:26.558547","2020-08-31 07:24:26.558547",NULL,0,4
6436,NULL,NULL,"5310","5310",NULL,"""en""=>""Woven fabrics of jute or of other textile bast fibres of heading 5303"", ""fr""=>""Tissus de jute ou d'autres fibres textiles libériennes du n° 5303""",53,"2020-08-31 07:24:26.558547","2020-08-31 07:24:26.558547",NULL,0,4
6442,"1320","132019","5311","5311 00 10",11,"""en""=>""Woven fabrics of ramie"", ""fr""=>""Tissus de ramie""",53,"2020-08-31 07:24:26.558547","2020-08-31 07:24:26.558547",NULL,0,4
6444,NULL,NULL,"5401","5401",NULL,"""en""=>""Sewing thread of man-made filaments, whether or not put up for retail sale"", ""fr""=>""Fils à coudre de filaments synthétiques ou artificiels, même conditionnés pour la vente au détail""",54,"2020-08-31 07:24:26.558547","2020-08-31 07:24:26.558547",NULL,0,4
6454,NULL,NULL,"5402","5402",NULL,"""en""=>""Synthetic filament yarn, incl. synthetic monofilaments of < 67 decitex (excl. sewing thread and yarn put up for retail sale)"", ""fr""=>""Fils de filaments synthétiques (autres que les fils à coudre), non conditionnés pour la vente au détail, y.c. les monofilaments synthétiques de moins de 67 décitex""",54,"2020-08-31 07:24:26.558547","2020-08-31 07:24:26.558547",NULL,0,7
6477,NULL,NULL,"5403","5403",NULL,"""en""=>""Artificial filament yarn, incl. artificial monofilament of < 67 decitex (excl. sewing thread and yarn put up for retail sale)"", ""fr""=>""Fils de filaments artificiels y.c. les monofilaments artificiels de moins de 67 décitex (à l'excl. des fils à coudre et conditionnés pour la vente au détail)""",54,"2020-08-31 07:24:26.558547","2020-08-31 07:24:26.558547",NULL,0,7
6486,NULL,NULL,"5404","5404",NULL,"""en""=>""Synthetic monofilament of >= 67 decitex and with a cross sectional dimension of <= 1 mm; strip and the like, e.g. artificial straw, of synthetic textile material, with an apparent width of <= 5 mm"", ""fr""=>""Monofilaments synthétiques de >= 67 décitex et dont la plus grande dimension de la coupe transversale <= 1 mm; lames et formes simil. [paille artificielle, p.ex.], en matières textiles synthétiques, d'une largeur apparente <= 5 mm""",54,"2020-08-31 07:24:26.558547","2020-08-31 07:24:26.558547",NULL,0,7
12306,"2060","206024","5405","5405 00",11,"""en""=>""Artificial monofilament of >= 67 decitex and with a cross sectional dimension of <= 1 mm; strip and the like, e.g. artificial straw, of synthetic textile material, with an apparent width of <= 5 mm"", ""fr""=>""Monofilaments artificiels de >= 67 décitex et dont la plus grande dimension de la coupe transversale <= 1 mm; lames et formes simil. [paille artificielle, p.ex.], en matières textiles artificielles, d'une largeur apparente <= 5 mm""",54,"2020-09-17 09:06:10.164221","2020-09-17 09:06:10.164221",NULL,0,NULL
12307,"1310","131081","5406","5406 00",11,"""en""=>""Man-made filament yarn, put up for retail sale (excl. sewing thread)"", ""fr""=>""Fils de filaments synthétiques ou artificiels (autres que les fils à coudre), conditionnés pour la vente au détail""",54,"2020-09-17 09:06:10.164221","2020-09-17 09:06:10.164221",NULL,0,NULL
6495,NULL,NULL,"5407","5407",NULL,"""en""=>""Woven fabrics of synthetic filament yarn, incl. monofilament of >= 67 decitex and with a cross sectional dimension of <= 1 mm"", ""fr""=>""Tissus de fils de filaments synthétiques, y.c. les tissus obtenus à partir des produits du n° 5404""",54,"2020-08-31 07:24:26.558547","2020-08-31 07:24:26.558547",NULL,0,4
6530,NULL,NULL,"5408","5408",NULL,"""en""=>""Woven fabrics of artificial filament yarn, incl. monofilament of >= 67 decitex and a maximum diameter of <= 1 mm"", ""fr""=>""Tissus de fils de filaments artificiels, y.c. les tissus obtenus à partir des produits du n° 5405""",54,"2020-08-31 07:24:26.558547","2020-08-31 07:24:26.558547",NULL,0,4
6542,NULL,NULL,"5501","5501",NULL,"""en""=>""Synthetic filament tow as specified in Note 1 to chapter 55"", ""fr""=>""Câbles de filaments synthétiques, tels que définis dans la note 1 du présent chapitre""",55,"2020-08-31 07:24:26.558547","2020-08-31 07:24:26.558547",NULL,0,7
6548,NULL,NULL,"5502","5502",NULL,"""en""=>""Artificial filament tow as specified in Note 1 to chapter 55"", ""fr""=>""Câbles de filaments artificiels tels que visés à la note 1 du chapitre 55""",55,"2020-08-31 07:24:26.558547","2020-08-31 07:24:26.558547",NULL,0,7
6551,NULL,NULL,"5503","5503",NULL,"""en""=>""Synthetic staple fibres, not carded, combed or otherwise processed for spinning"", ""fr""=>""Fibres synthétiques discontinues, non cardées ni peignées ni autrement transformées pour la filature""",55,"2020-08-31 07:24:26.558547","2020-08-31 07:24:26.558547",NULL,0,7
6558,NULL,NULL,"5504","5504",NULL,"""en""=>""Artificial staple fibres, not carded, combed or otherwise processed for spinning"", ""fr""=>""Fibres artificielles discontinues, non cardées ni peignées ni autrement transformées pour la filature""",55,"2020-08-31 07:24:26.558547","2020-08-31 07:24:26.558547",NULL,0,7
6561,NULL,NULL,"5505","5505",NULL,"""en""=>""Waste of man-made staple fibres, incl. noils, yarn waste and garnetted stock"", ""fr""=>""Déchets de fibres synthétiques ou artificielles, y.c. les blousses, les déchets de fils et les effilochés""",55,"2020-08-31 07:24:26.558547","2020-08-31 07:24:26.558547",NULL,0,17
6569,NULL,NULL,"5506","5506",NULL,"""en""=>""Synthetic staple fibres, carded, combed or otherwise processed for spinning"", ""fr""=>""Fibres synthétiques discontinues, cardées, peignées ou autrement transformées pour la filature""",55,"2020-08-31 07:24:26.558547","2020-08-31 07:24:26.558547",NULL,0,4
12308,"1310","131032","5507","5507 00",11,"""en""=>""Artificial staple fibres, carded, combed or otherwise processed for spinning"", ""fr""=>""Fibres artificielles discontinues, cardées, peignées ou autrement transformées pour la filature""",55,"2020-09-17 09:06:10.164221","2020-09-17 09:06:10.164221",NULL,0,NULL
6576,NULL,NULL,"5508","5508",NULL,"""en""=>""Sewing thread of man-made staple fibres, whether or not put up for retail sale"", ""fr""=>""Fils à coudre de fibres synthétiques ou artificielles discontinues, même conditionnés pour la vente au détail""",55,"2020-08-31 07:24:26.558547","2020-08-31 07:24:26.558547",NULL,0,4
6583,NULL,NULL,"5509","5509",NULL,"""en""=>""Yarn of synthetic staple fibres (excl. sewing thread and yarn put up for retail sale)"", ""fr""=>""Fils de fibres synthétiques discontinues (autres que les fils à coudre), non conditionnés pour la vente au détail""",55,"2020-08-31 07:24:26.558547","2020-08-31 07:24:26.558547",NULL,0,4
6602,NULL,NULL,"5510","5510",NULL,"""en""=>""Yarn of artificial staple fibres (excl. sewing thread and yarn put up for retail sale)"", ""fr""=>""Fils de fibres artificielles discontinues (autres que les fils à coudre), non conditionnés pour la vente au détail""",55,"2020-08-31 07:24:26.558547","2020-08-31 07:24:26.558547",NULL,0,4
6608,NULL,NULL,"5511","5511",NULL,"""en""=>""Yarn of man-made staple fibres, put up for retail sale (excl. sewing thread)"", ""fr""=>""Fils de fibres synthétiques ou artificielles discontinues (autres que les fils à coudre), conditionnés pour la vente au détail""",55,"2020-08-31 07:24:26.558547","2020-08-31 07:24:26.558547",NULL,0,4
6612,NULL,NULL,"5512","5512",NULL,"""en""=>""Woven fabrics containing >= 85% synthetic staple fibres by weight"", ""fr""=>""Tissus de fibres synthétiques discontinues contenant >= 85% en poids de fibres synthétiques discontinues""",55,"2020-08-31 07:24:26.558547","2020-08-31 07:24:26.558547",NULL,0,4
6625,NULL,NULL,"5513","5513",NULL,"""en""=>""Woven fabrics containing predominantly, but < 85% synthetic staple fibres by weight, mixed principally or solely with cotton and weighing <= 170 g/m²"", ""fr""=>""Tissus de fibres synthétiques discontinues, contenant en prédominance, mais < 85% en poids de ces fibres, mélangés principalement ou uniquement avec du coton, d'un poids <= 170 g/m²""",55,"2020-08-31 07:24:26.558547","2020-08-31 07:24:26.558547",NULL,0,4
6641,NULL,NULL,"5514","5514",NULL,"""en""=>""Woven fabrics containing predominantly, but < 85% synthetic staple fibres by weight, mixed principally or solely with cotton and weighing > 170 g/m²"", ""fr""=>""Tissus de fibres synthétiques discontinues, contenant en prédominance, mais < 85% en poids de ces fibres, mélangés principalement ou uniquement avec du coton, d'un poids > 170 g/m²""",55,"2020-08-31 07:24:26.558547","2020-08-31 07:24:26.558547",NULL,0,4
6663,"1320","132032","5515","5515 11 30",11,"""en""=>""Woven fabrics containing predominantly, but < 85% polyester staple fibres by weight, mixed principally or solely with viscose staple fibres, printed"", ""fr""=>""Tissus, imprimés, de fibres discontinues de polyester, contenant en prédominance, mais < 85% en poids de ces fibres, mélangés principalement ou uniquement avec des fibres discontinues de viscose""",55,"2020-08-31 07:24:26.558547","2020-08-31 07:24:26.558547",NULL,0,4
6696,NULL,NULL,"5516","5516",NULL,"""en""=>""Woven fabrics of artificial staple fibres"", ""fr""=>""Tissus de fibres artificielles discontinues""",55,"2020-08-31 07:24:26.558547","2020-08-31 07:24:26.558547",NULL,0,4
6719,NULL,NULL,"5601","5601",NULL,"""en""=>""Wadding of textile materials and articles thereof; textile fibres with a length of <= 5 mm \""flock\"", textile dust and mill neps (excl. wadding and articles thereof impregnated or coated with pharmaceutical substances or put up for retail sale for medical, surgical, dental or veterinary purposes, and products impregnated, coated or covered with perfumes, cosmetics, soaps etc.)"", ""fr""=>""Ouates de matières textiles et articles en ces ouates; fibres textiles d'une longueur <= 5 mm [tontisses], noeuds et noppes de matières textiles (sauf ouates et articles en ouates imprégnés ou recouverts de substances pharmaceutiques ou conditionnés pour vente au détail à des fins médicales, chirurgicales, dentaires ou vétérinaires ainsi que ouates et articles en ouates imprégnés, enduits ou recouverts de parfum, de fard, de savon, etc.)""",56,"2020-08-31 07:24:26.558547","2020-08-31 07:24:26.558547",NULL,0,5
6731,"1399","139913","5602","5602 10 19",11,"""en""=>""Needleloom felt, not impregnated, coated, covered or laminated, n.e.s.(excl. that of jute or of other textile bast fibres of heading 5303)"", ""fr""=>""Feutres aiguilletés, non imprégnés, ni enduits, ni recouverts, ni stratifiés, n.d.a. (à l'excl. des feutres de jute ou d'autres fibres textiles libériennes du n° 5303)""",56,"2020-08-31 07:24:26.558547","2020-08-31 07:24:26.558547",NULL,0,4
6738,NULL,NULL,"5603","5603",NULL,"""en""=>""Nonwovens, whether or not impregnated, coated, covered or laminated, n.e.s."", ""fr""=>""Nontissés, même imprégnés, enduits, recouverts ou stratifiés, n.d.a.""",56,"2020-08-31 07:24:26.558547","2020-08-31 07:24:26.558547",NULL,0,4
6763,NULL,NULL,"5604","5604",NULL,"""en""=>""Textile-covered rubber thread and cord; textile yarn, strip and the like of heading 5404 and 5405, impregnated, coated, covered or sheathed with rubber or plastics (excl. imitation catgut, thread and cord with fish-hook attachments or otherwise put up as fishing line)"", ""fr""=>""Fils et cordes de caoutchouc, recouverts de textiles; fils textiles, lames et formes simil. du n° 5404 ou 5405, imprégnés, enduits, recouverts ou gainés de caoutchouc ou de matière plastique (à l'excl. des imitations de catgut munies d'hameçons ou autrement montées en lignes)""",56,"2020-08-31 07:24:26.558547","2020-08-31 07:24:26.558547",NULL,0,4
12309,"1396","139611","5605","5605 00",11,"""en""=>""Metallised yarn, whether or not gimped, being textile yarn, or strip or the like of heading 5404 or 5405, of textile fibres, combined with metal in the form of thread, strip or powder or covered with metal (excl. yarns manufactured from a mixture of textile fibres and metal fibres, with anti-static properties; yarns reinforced with metal wire; articles with the character of trimmings)"", ""fr""=>""Filés métalliques et fils métallisés, même guipés, constitués par des fils textiles, des lames ou formes simil. des n° 5404 et 5405, combinés avec du métal sous forme de fils, de lames ou de poudres, ou recouverts de métal (sauf fils textiles armés à l'aide d'un fil de métal, articles ayant le caractère d'ouvrages de passementerie et fils textiles formés d'un mélange de fibres textiles et métalliques leur conférant un effet antistatique)""",56,"2020-09-17 09:06:10.164221","2020-09-17 09:06:10.164221",NULL,0,NULL
6770,"1399","139915","5606","5606 00 10",11,"""en""=>""Loop wale-yarn (excl. metal yarn and metallised yarn of heading 5605; gimped horsehair yarn; textile-covered rubber thread; twine, cord and other gimped textile products of heading 5808; gimped metal yarn)"", ""fr""=>""Fils dits 'de chaînette' (à l'excl. des filés métalliques et fils métallisés du n° 5605, des fils de crin guipés, des fils métalliques guipés avec des fils textiles, des fils en caoutchouc guipés avec des textiles ainsi que des milanaises, torses et autres produits textiles guipés du n° 5808)""",56,"2020-08-31 07:24:26.558547","2020-08-31 07:24:26.558547",NULL,0,4
6782,"1394","139411","5607","5607 50 11",11,"""en""=>""Twine, cordage, ropes and cables of nylon, other polyamides or polyesters, plaited or braided and whether or not impregnated, coated, covered or sheathed with rubber or plastics, with a linear density of > 50.000 decitex \""5 g/m\"""", ""fr""=>""Ficelles, cordes et cordages, de nylon ou d'autres polyamides ou de polyesters, titrant > 50 000 décitex [5 g/m], tressés, même imprégnés, enduits, recouverts ou gainés de caoutchouc ou de matière plastique""",56,"2020-08-31 07:24:26.558547","2020-08-31 07:24:26.558547",NULL,0,4
6789,NULL,NULL,"5608","5608",NULL,"""en""=>""Knotted netting of twine, cordage or rope, by the piece or metre; made-up fishing nets and other made-up nets, of textile materials (excl. hairnets, nets for sporting purposes, incl. landing nets, butterfly nets and the like)"", ""fr""=>""Filets à mailles nouées, en nappes ou en pièces, obtenus à partir de ficelles, cordes ou cordages; filets confectionnés pour la pêche et autres filets confectionnés, en matières textiles (à l'excl. des résilles et filets à cheveux ainsi que des épuisettes, filets à papillons et articles simil. pour la pratique des sports)""",56,"2020-08-31 07:24:26.558547","2020-08-31 07:24:26.558547",NULL,0,4
12310,"1394","139412","5609","5609 00",11,"""en""=>""Articles of yarn, strip or the like of heading 5404 or 5405, or of twine, cordage, ropes or cables of heading 5607, n.e.s."", ""fr""=>""Articles en fils, lames ou formes simil. des n° 5404 et 5405, ficelles, cordes ou cordages du n° 5607, n.d.a.""",56,"2020-09-17 09:06:10.164221","2020-09-17 09:06:10.164221",NULL,0,NULL
6800,NULL,NULL,"5701","5701",NULL,"""en""=>""Carpets and other textile floor coverings, of textile materials, knotted, whether or not made up"", ""fr""=>""Tapis en matières textiles, à points noués ou enroulés, même confectionnés""",57,"2020-08-31 07:24:26.558547","2020-08-31 07:24:26.558547",NULL,0,4
6807,NULL,NULL,"5702","5702",NULL,"""en""=>""Carpets and other textile floor coverings, woven, not tufted or flocked, whether or not made up, incl. Kelem, Schumacks, Karamanie and similar hand-woven rugs"", ""fr""=>""Tapis et autres revêtements de sol en matières textiles, tissés, non touffetés ni floqués, même confectionnés, y.c. les tapis dits 'kelim' ou 'kilim', 'schumacks' ou 'soumak', 'karamanie' et tapis simil. tissés à la main""",57,"2020-08-31 07:24:26.558547","2020-08-31 07:24:26.558547",NULL,0,4
6830,NULL,NULL,"5703","5703",NULL,"""en""=>""Carpets and other textile floor coverings, tufted \""needle punched\"", whether or not made up"", ""fr""=>""Tapis et autres revêtements de sol en matières textiles, touffetés, même confectionnés""",57,"2020-08-31 07:24:26.558547","2020-08-31 07:24:26.558547",NULL,0,4
6845,NULL,NULL,"5704","5704",NULL,"""en""=>""Carpets and other floor coverings, of felt, not tufted or flocked, whether or not made up"", ""fr""=>""Tapis et autres revêtements de sol, en feutre, non touffetés ni floqués, même confectionnés""",57,"2020-08-31 07:24:26.558547","2020-08-31 07:24:26.558547",NULL,0,4
6850,"1393","139319","5705","5705 00 30",11,"""en""=>""Carpets and other floor coverings, of man-made textile materials, whether or not made up (excl. knotted, woven or tufted \""needle punched\"", and of felt)"", ""fr""=>""Tapis et autres revêtements de sol, de matières textiles synthétiques ou artificielles, même confectionnés (à l'excl. de ceux à points noués ou enroulés, tissés, touffetés ou en feutre)""",57,"2020-08-31 07:24:26.558547","2020-08-31 07:24:26.558547",NULL,0,4
6862,"1320","132041","5801","5801 36 00",11,"""en""=>""Chenille fabrics, of man-made fibres (excl. terry towelling and similar woven terry fabrics, tufted textile fabrics and narrow woven fabrics of heading 5806)"", ""fr""=>""Tissus de chenille, de fibres synthétiques ou artificielles (à l'excl. des tissus bouclés du genre éponge, des surfaces textiles touffetées ainsi que des articles de rubanerie du no 5806)""",58,"2020-08-31 07:24:26.558547","2020-08-31 07:24:26.558547",NULL,0,4
6867,NULL,NULL,"5802","5802",NULL,"""en""=>""Terry towelling and similar woven terry fabrics, tufted textile fabrics (excl. narrow woven fabrics of heading 5806, carpets and other floor coverings)"", ""fr""=>""Tissus bouclés du genre éponge et surfaces textiles touffetées (à l'excl. des articles de rubanerie du n° 5806 ainsi que des tapis et autres revêtements de sol du n° 5703)""",58,"2020-08-31 07:24:26.558547","2020-08-31 07:24:26.558547",NULL,0,4
6873,"1320","132044","5803","5803 00 10",11,"""en""=>""Cotton gauze (excl. narrow woven fabrics of heading 5806)"", ""fr""=>""Tissus à point de gaze, de coton (à l'excl. des articles de rubanerie du n° 5806)""",58,"2020-08-31 07:24:26.558547","2020-08-31 07:24:26.558547",NULL,0,4
6876,NULL,NULL,"5804","5804",NULL,"""en""=>""Tulles and other net fabrics (excl. woven, knitted or crocheted fabrics); lace in the piece, in strips or in motifs (excl. fabrics of heading 6002 to 6006)"", ""fr""=>""Tulles, tulles-bobinots et tissus à mailles nouées; dentelles en pièces, en bandes ou en motifs (à l'excl. des produits des n° 6002 à 6006)""",58,"2020-08-31 07:24:26.558547","2020-08-31 07:24:26.558547",NULL,0,4
12311,"1392","139216","5805","5805 00",11,"""en""=>""Hand-woven tapestries of the type Gobelin, Flanders, Aubusson, Beauvais and the like, and needle-worked tapestries, e.g. petit point, cross-stitch, whether or not made up (excl. Kelem, Schumacks, Karamanie and the like, and tapestries > 100 years old)"", ""fr""=>""Tapisseries tissées à la main [genre Gobelins, Flandres, Aubusson, Beauvais et simil.] et tapisseries à l'aiguille [au petit point, au point de croix, p.ex.], même confectionnées (à l'excl. des tapisseries ayant > 100 ans d'âge ainsi que des tapis dits 'kelim', 'kilim', 'schumacks', 'soumak' ou 'karamanie' ainsi que des tapis simil.)""",58,"2020-09-17 09:06:10.164221","2020-09-17 09:06:10.164221",NULL,0,NULL
6884,NULL,NULL,"5806","5806",NULL,"""en""=>""Narrow woven fabrics of textile materials, with a width of <= 30 cm (excl. labels, badges and similar articles); narrow fabrics consisting of warp without weft assembled by means of an adhesive \""bolducs\"""", ""fr""=>""Rubanerie en matières textiles, d'une largeur <= 30 cm (autre que les étiquettes, écussons et articles simil.); rubans sans trame, en fils ou fibres parallélisés et encollés [bolducs], n.d.a.""",58,"2020-08-31 07:24:26.558547","2020-08-31 07:24:26.558547",NULL,0,4
6893,NULL,NULL,"5807","5807",NULL,"""en""=>""Labels, badges and similar articles, of textile materials, in the piece, in strips or cut to shape or size, not embroidered"", ""fr""=>""Étiquettes, écussons et articles simil. en matières textiles, en pièces, en rubans ou découpés, non brodés""",58,"2020-08-31 07:24:26.558547","2020-08-31 07:24:26.558547",NULL,0,4
6902,"1396","139617","5808","5808 90 00",11,"""en""=>""Ornamental trimmings of textile materials, in the piece, not embroidered, other than knitted or crocheted; tassels, pompons and similar articles of textile materials (excl. braids in the piece)"", ""fr""=>""Articles de passementerie et articles ornementaux analogues en matières textiles, en pièces, sans broderie, et glands, floches, olives, noix, pompons et articles simil. en matières textiles (à l'excl. des tresses en pièces ainsi que des articles de passementerie et articles ornementaux analogues en bonneterie)""",58,"2020-08-31 07:24:26.558547","2020-08-31 07:24:26.558547",NULL,0,4
12312,"1396","139612","5809","5809 00",11,"""en""=>""Woven fabrics of metal thread and woven fabrics of metallised yarn of heading 5605, of a kind used in apparel, as furnishing fabrics or for similar purposes, n.e.s."", ""fr""=>""Tissus de fils de métal et tissus de filés métalliques ou de fils textiles métallisés du n° 5605, des types utilisés pour l'habillement, l'ameublement ou usages simil., n.d.a.""",58,"2020-09-17 09:06:10.164221","2020-09-17 09:06:10.164221",NULL,0,NULL
6913,"1399","139912","5810","5810 92 90",11,"""en""=>""Embroidery of man-made fibres on a textile fabric base, in the piece, in strips or in motifs, of a net value of <= € 17,50 per kg (excl. embroidery without visible ground)"", ""fr""=>""Broderies de fibres synthétiques ou artificielles, sur support de matières textiles, en pièces, en bandes ou en motifs, d'une valeur <= 17,50 € par kg poids net (à l'excl. des broderies chimiques ou aériennes ainsi que des broderies à fond découpé)""",58,"2020-08-31 07:24:26.558547","2020-08-31 07:24:26.558547",NULL,0,4
12313,"1399","139916","5811","5811 00",11,"""en""=>""Quilted textile products in the piece, composed of one or more layers of textile materials assembled with padding by stitching or otherwise (excl. embroidery of heading 5810 and quilted fabrics for bedding and furnishings)"", ""fr""=>""Produits textiles matelassés en pièces, constitués d'une ou plusieurs couches de matières textiles associées à une matière de rembourrage par piqûre, capitonnage ou autre cloisonnement (à l'excl. des broderies du n° 5810 ainsi que des articles de literie ou d'ameublement rembourrés)""",58,"2020-09-17 09:06:10.164221","2020-09-17 09:06:10.164221",NULL,0,NULL
6918,NULL,NULL,"5901","5901",NULL,"""en""=>""Textile fabrics coated with gum or amylaceous substances, of a kind used for the outer covers of books, the manufacture of boxes and articles of cardboard or the like; tracing cloth; prepared painting canvas; buckram and similar stiffened textile fabrics of a kind used for hat foundations (excl. plastic-coated textile fabrics)"", ""fr""=>""Tissus enduits de colle ou de matières amylacées, des types utilisés pour la reliure, le cartonnage, la gainerie ou usages simil.; toiles à calquer ou transparentes pour le dessin; toiles préparées pour la peinture; bougran et tissus simil. raidis des types utilisés pour la chapellerie (à l'excl. des tissus enduits de matière plastique)""",59,"2020-08-31 07:24:26.558547","2020-08-31 07:24:26.558547",NULL,0,4
6921,NULL,NULL,"5902","5902",NULL,"""en""=>""Tyre cord fabric of high-tenacity yarn of nylon or other polyamides, polyesters or viscose rayon, whether or not dipped or impregnated with rubber or plastic"", ""fr""=>""Nappes tramées pour pneumatiques obtenues à partir de fils à haute ténacité de nylon ou d'autres polyamides, de polyesters ou de rayonne viscose, adhérisées ou non, imprégnées ou non de caoutchouc ou de matière plastique""",59,"2020-08-31 07:24:26.558547","2020-08-31 07:24:26.558547",NULL,0,4
6931,NULL,NULL,"5903","5903",NULL,"""en""=>""Textile fabrics impregnated, coated, covered or laminated with plastics (excl. tyre cord fabric of high-tenacity yarn of nylon or other polyamides, polyesters or viscose rayon; wallcoverings impregnated or covered with textile materials; floor coverings consisting of a textile backing and a top layer or covering of plastics)"", ""fr""=>""Tissus imprégnés, enduits ou recouverts de matière plastique ou stratifiés avec de la matière plastique (sauf nappes tramées pour pneumatiques obtenues à partir de fils à haute ténacité de nylon ou d'autres polyamides, de polyesters ou de rayonne viscose, tissus imprégnés ou enduits ayant le caractère de revêtements muraux et tissus enduits ou recouverts de matière plastique utilisés comme revêtements de sol)""",59,"2020-08-31 07:24:26.558547","2020-08-31 07:24:26.558547",NULL,0,4
6943,"2223","222315","5904","5904 10 00",11,"""en""=>""Linoleum, whether or not cut to shape"", ""fr""=>""Linoléums, même découpés""",59,"2020-08-31 07:24:26.558547","2020-08-31 07:24:26.558547",NULL,0,9
6946,"1724","172412","5905","5905 00 10",11,"""en""=>""Textile wallcoverings consisting of parallel yarns, fixed on a backing of any material"", ""fr""=>""Revêtements muraux consistant en fils disposés parallèlement sur un support""",59,"2020-08-31 07:24:26.558547","2020-08-31 07:24:26.558547",NULL,0,5
6951,NULL,NULL,"5906","5906",NULL,"""en""=>""Rubberised textile fabrics (excl. tyre cord fabric of high-tenacity yarn of nylon or other polyamides, polyesters or viscose rayon)"", ""fr""=>""Tissus caoutchoutés (à l'excl. des nappes tramées pour pneumatiques obtenues à partir de fils à haute ténacité de nylon ou d'autres polyamides)""",59,"2020-08-31 07:24:26.558547","2020-08-31 07:24:26.558547",NULL,0,9
12314,"1396","139614","5907","5907 00",11,"""en""=>""Impregnated, coated or covered textile fabrics; painted canvas being theatrical scenery, studio backcloths or the like, n.e.s."", ""fr""=>""Tissus imprégnés, enduits ou recouverts, n.d.a.; toiles peintes pour décors de théâtres, fonds d'atelier ou usages analogues""",59,"2020-09-17 09:06:10.164221","2020-09-17 09:06:10.164221",NULL,0,NULL
12315,"1396","139616","5908","5908 00",11,"""en""=>""Textile wicks, woven, plaited or knitted, for lamps, stoves, lighters, candles or the like; incandescent gas mantles and tubular knitted gas-mantle fabric for incandescent gas mantles, whether or not impregnated (excl. wax-covered wicks of the taper variety, fuses and detonating fuses, wicks in the form of textile yarn and glass-fibre wicks)"", ""fr""=>""Mèches tissées, tressées ou tricotées, en matières textiles, pour lampes, réchauds, briquets, bougies ou simil.; manchons à incandescence et étoffes tubulaires tricotées servant à leur fabrication, même imprégnés (à l'excl. des mèches recouvertes de cires [du genre des rats de caves du n° 3406], des mèches et des cordeaux détonants ainsi que des mèches consistant en fils textiles ou en fibres de verre)""",59,"2020-09-17 09:06:10.164221","2020-09-17 09:06:10.164221",NULL,0,NULL
12620,NULL,NULL,"5909","5909",NULL,"""en""=>""Textile hosepiping and similar textile tubing, whether or not impregnated or coated, with or without lining, armour or accessories of other materials"", ""fr""=>""Tuyaux pour pompes et tuyaux simil., en matières textiles, même imprégnés ou enduits, même avec armatures ou accessoires en autres matières""",59,"2020-09-17 09:06:10.164221","2020-09-17 09:06:10.164221",NULL,0,4
12316,"1396","139616","5910","5910 00",11,"""en""=>""Transmission or conveyor belts or belting, of textile material, whether or not impregnated, coated, covered or laminated with plastics, or reinforced with metal or other material (excl. those of a thickness of < 3 mm and of indeterminate length or cut to length only, and those impregnated, coated, covered or laminated with rubber or made of yarn or cord impregnated or coated with rubber)"", ""fr""=>""Courroies transporteuses ou de transmission en matières textiles, même imprégnées, enduites, recouvertes de matière plastique ou stratifiées avec de la matière plastique ou renforcées de métal ou d'autres matières (sauf produits d'une épaisseur < 3 mm, présentés en longueur indéterminée ou découpés en longueur, courroies consistant en tissus imprégnés, enduits, recouverts ou stratifiés avec du caoutchouc ou bien fabriquées au moyen de fils ou ficelles préalablement imprégnés, enduits, recouverts ou gainés de caoutchouc)""",59,"2020-09-17 09:06:10.164221","2020-09-17 09:06:10.164221",NULL,0,NULL
6965,"1396","139616","5911","5911 20 00",11,"""en""=>""Bolting cloth, whether or not made up"", ""fr""=>""Gazes et toiles à bluter, même confectionnées""",59,"2020-08-31 07:24:26.558547","2020-08-31 07:24:26.558547",NULL,0,4
6980,"1391","139111","6001","6001 10 00",11,"""en""=>""\""Long pile\"" fabrics, knitted or crocheted"", ""fr""=>""Étoffes dites 'à longs poils', en bonneterie""",60,"2020-08-31 07:24:26.558547","2020-08-31 07:24:26.558547",NULL,0,4
6987,NULL,NULL,"6002","6002",NULL,"""en""=>""Knitted or crocheted fabrics, of a width <=  30 cm, containing by weight >= 5% of elastomeric yarn or  rubber thread (excl. pile fabrics, incl. \""long pile\"", looped pile fabrics, labels, badges and similar articles, and knitted or crocheted fabrics, impregnated, coated, covered or laminated)"", ""fr""=>""Étoffes de bonneterie d'une largeur <= 30 cm, contenant en poids >= 5% de fils d'élastomères ou de fils de caoutchouc (à l'excl. des velours, peluches, y.c. les étoffes dites 'à longs poils', étoffes à boucles en bonneterie, étiquettes, écussons et articles simil., ainsi que des étoffes de bonneterie imprégnées, enduites, recouvertes ou stratifiées)""",60,"2020-08-31 07:24:26.558547","2020-08-31 07:24:26.558547",NULL,0,4
6990,NULL,NULL,"6003","6003",NULL,"""en""=>""Knitted or crocheted fabrics, of a width <= 30 cm (excl. those containing by weight >= 5% of elastomeric yarn or  rubber thread, and pile fabrics, incl. \""long pile\"", looped pile fabrics, labels, badges and similar articles, and knitted or crocheted fabrics, impregnated, coated, covered or laminated)"", ""fr""=>""Étoffes de bonneterie d'une largeur <= 30 cm (à l'excl. de celles contenant en poids >= 5% de fils d'élastomères ou de fils de caoutchouc ainsi que des velours, peluches, y.c. les étoffes dites 'à longs poils', étoffes à boucles en bonneterie, étiquettes, écussons et articles simil., ainsi que des étoffes de bonneterie imprégnées, enduites, recouvertes ou stratifiées)""",60,"2020-08-31 07:24:26.558547","2020-08-31 07:24:26.558547",NULL,0,4
6998,NULL,NULL,"6004","6004",NULL,"""en""=>""Knitted or crocheted fabrics, of a width >  30 cm, containing by weight >= 5% of elastomeric yarn or  rubber thread (excl. pile fabrics, incl. \""long pile\"", looped pile fabrics, labels, badges and similar articles, and knitted or crocheted fabrics, impregnated, coated, covered or laminated)"", ""fr""=>""Étoffes de bonneterie d'une largeur > 30 cm, contenant en poids >= 5% de fils d'élastomères ou de fils de caoutchouc (à l'excl. des velours, peluches, y.c. les étoffes dites 'à longs poils', étoffes à boucles en bonneterie, étiquettes, écussons et articles simil., ainsi que des étoffes de bonneterie imprégnées, enduites, recouvertes ou stratifiées)""",60,"2020-08-31 07:24:26.558547","2020-08-31 07:24:26.558547",NULL,0,4
7006,"1391","139119","6005","6005 35 00",11,"""en""=>""Warp knit fabrics of synthetic fibres, antimalarial, of a width of > 30 cm"", ""fr""=>""Étoffes de bonneterie-chaîne, de fibres synthétiques, antipaludiques, d’une largeur > 30 cm""",60,"2020-08-31 07:24:26.558547","2020-08-31 07:24:26.558547",NULL,0,4
7018,NULL,NULL,"6006","6006",NULL,"""en""=>""Fabrics, knitted or crocheted, of a width of > 30 cm (excl. warp knit fabrics \""incl. those made on galloon knitting machines\"", those containing by weight >= 5% of elastomeric yarn or  rubber thread, and pile fabrics, incl. \""long pile\"", looped pile fabrics, labels, badges and similar articles, and knitted or crocheted fabrics, impregnated, coated, covered or laminated)"", ""fr""=>""Étoffes de bonneterie, d'une largeur > 30 cm (sauf étoffes de bonneterie-chaîne, y.c. celles fabriquées sur métiers à galonner, et à l'excl. de celles contenant en poids >= 5% de fils d'élastomères ou de fils de caoutchouc ainsi que des velours, peluches, y.c. les étoffes dites 'à longs poils', étoffes à boucles en bonneterie, étiquettes, écussons et articles simil., ainsi que des étoffes de bonneterie imprégnées, enduites, recouvertes ou stratifiées)""",60,"2020-08-31 07:24:26.558547","2020-08-31 07:24:26.558547",NULL,0,4
7038,"1413","141311","6101","6101 30 10",11,"""en""=>""Men's or boys' overcoats, car coats, capes, cloaks and similar articles of man-made fibres, knitted or crocheted"", ""fr""=>""Manteaux, cabans, capes et articles simil., en bonneterie, de fibres synthétiques ou artificielles, pour hommes ou garçonnets""",61,"2020-08-31 07:24:26.558547","2020-08-31 07:24:26.558547",NULL,0,4
7043,NULL,NULL,"6102","6102",NULL,"""en""=>""Women's or girls' overcoats, car coats, capes, cloaks, anoraks, incl. ski jackets, windcheaters, wind-jackets and similar articles, knitted or crocheted (excl. suits, ensembles, jackets, blazers, dresses, skirts, divided skirts, trousers, bib and brace overalls)"", ""fr""=>""Manteaux, cabans, capes, anoraks, blousons et articles simil., en bonneterie, pour femmes ou fillettes (sauf costumes tailleurs, ensembles, vestes, blazers, robes, jupes, jupes-culottes et pantalons)""",61,"2020-08-31 07:24:26.558547","2020-08-31 07:24:26.558547",NULL,0,4
7058,"1413","141312","6103","6103 10 10",11,"""en""=>""Men's or boys' suits of textile materials, knitted or crocheted, of wool or fine animal hair (excl. tracksuits, ski suits and swimwear)"", ""fr""=>""Costumes ou complets en bonneterie, de matières textiles, pour hommes ou garçonnets, de laine ou de poils fins (sauf survêtements de sport [trainings], combinaisons et ensembles de ski, maillots, culottes et slips de bain)""",61,"2020-08-31 07:24:26.558547","2020-08-31 07:24:26.558547",NULL,0,4
7074,"1413","141314","6104","6104 19 20",11,"""en""=>""Women's or girls' suits of textile materials, knitted or crocheted, of cotton (excl. ski overalls and swimwear)"", ""fr""=>""Costumes tailleurs en bonneterie, de matières textiles, pour femmes ou fillettes, de coton (à l'excl. des combinaisons de ski et maillots, des culottes et slips de bain)""",61,"2020-08-31 07:24:26.558547","2020-08-31 07:24:26.558547",NULL,0,4
7099,"1414","141411","6105","6105 10 00",11,"""en""=>""Men's or boys' shirts of cotton, knitted or crocheted (excl. nightshirts, T-shirts, singlets and other vests)"", ""fr""=>""Chemises et chemisettes, en bonneterie, de coton, pour hommes ou garçonnets (sauf chemises de nuit, T-shirts et maillots de corps)""",61,"2020-08-31 07:24:26.558547","2020-08-31 07:24:26.558547",NULL,0,4
7106,NULL,NULL,"6106","6106",NULL,"""en""=>""Women's or girls' blouses, shirts and shirt-blouses, knitted or crocheted (excl. T-shirts and vests)"", ""fr""=>""Chemisiers, blouses, blouses-chemisiers et chemisettes, en bonneterie, pour femmes ou fillettes (sauf T-shirts et gilets de corps)""",61,"2020-08-31 07:24:26.558547","2020-08-31 07:24:26.558547",NULL,0,4
7114,NULL,NULL,"6107","6107",NULL,"""en""=>""Men's or boys' underpants, briefs, nightshirts, pyjamas, bathrobes, dressing gowns and similar articles, knitted or crocheted (excl. vests and singlets)"", ""fr""=>""Slips, caleçons, chemises de nuit, pyjamas, peignoirs de bain, robes de chambre et articles simil., en bonneterie, pour hommes ou garçonnets (sauf maillots de corps)""",61,"2020-08-31 07:24:26.558547","2020-08-31 07:24:26.558547",NULL,0,4
7123,NULL,NULL,"6108","6108",NULL,"""en""=>""Women's or girls' slips, petticoats, briefs, panties, nightdresses, pyjamas, négligés, bathrobes, dressing gowns, housecoats and similar articles, knitted or crocheted (excl. T-shirts, vests, brassieres, girdles, corsets and similar articles)"", ""fr""=>""Combinaisons ou fonds de robes, jupons, slips, culottes, chemises de nuit, pyjamas, déshabillés, peignoirs de bain, robes de chambre et articles simil., en bonneterie, pour femmes ou fillettes (sauf T-shirts, gilets de corps, soutiens-gorge, gaines, corsets et articles simil.)""",61,"2020-08-31 07:24:26.558547","2020-08-31 07:24:26.558547",NULL,0,4
7139,"1414","141430","6109","6109 90 90",11,"""en""=>""T-shirts, singlets and other vests of textile materials, knitted or crocheted (excl. of wool, fine animal hair, cotton or man-made fibres)"", ""fr""=>""T-shirts et maillots de corps, en bonneterie, de matières textiles (sauf de coton, fibres synthétiques ou artificielles, laine ou poils fins)""",61,"2020-08-31 07:24:26.558547","2020-08-31 07:24:26.558547",NULL,0,4
7140,NULL,NULL,"6110","6110",NULL,"""en""=>""Jerseys, pullovers, cardigans, waistcoats and similar articles, knitted or crocheted (excl. wadded waistcoats)"", ""fr""=>""Chandails, pull-overs, cardigans, gilets et articles simil., y.c. les sous-pulls, en bonneterie (sauf gilets ouatinés)""",61,"2020-08-31 07:24:26.558547","2020-08-31 07:24:26.558547",NULL,0,4
7167,"1419","141911","6111","6111 30 10",11,"""en""=>""Babies' gloves, mittens and mitts for babies, of synthetic fibres, knitted or crocheted"", ""fr""=>""Gants en bonneterie, de fibres synthétiques, pour bébés""",61,"2020-08-31 07:24:26.558547","2020-08-31 07:24:26.558547",NULL,0,4
7185,"1419","141912","6112","6112 41 10",11,"""en""=>""Women's or girls' swimwear of synthetic fibres, knitted or crocheted, containing >= 5% by weight of rubber thread"", ""fr""=>""Maillots, culottes et slips de bain, en bonneterie, de fibres synthétiques, à teneur en poids en fils de caoutchouc >= 5%, pour femmes ou fillettes""",61,"2020-08-31 07:24:26.558547","2020-08-31 07:24:26.558547",NULL,0,4
12621,NULL,NULL,"6113","6113",NULL,"""en""=>""Garments, knitted or crocheted, rubberised or impregnated, coated or covered with plastics or other materials (excl. babies' garments and clothing accessories)"", ""fr""=>""Vêtements confectionnés en étoffes de bonneterie caoutchoutées ou imprégnées, enduites ou recouvertes de matière plastique ou d'autres substances (sauf vêtements pour bébés et accessoires du vêtement)""",61,"2020-09-17 09:06:10.164221","2020-09-17 09:06:10.164221",NULL,0,4
7193,NULL,NULL,"6114","6114",NULL,"""en""=>""Special garments for professional, sporting or other purposes, n.e.s., knitted or crocheted"", ""fr""=>""Vêtements spéciaux destinés à des fins professionnelles, sportives ou autres n.d.a., en bonneterie""",61,"2020-08-31 07:24:26.558547","2020-08-31 07:24:26.558547",NULL,0,4
7197,NULL,NULL,"6115","6115",NULL,"""en""=>""Pantyhose, tights, stockings, socks and other hosiery, incl. graduated compression hosiery [e.g., stockings for varicose veins] and footwear without applied soles, knitted or crocheted (excl. for babies)"", ""fr""=>""Collants (bas-culottes), bas, mi-bas, chaussettes et autres articles chaussants, y.c. les collants (bas-culottes), bas et mi-bas à compression dégressive [p.ex. les bas à varices], en bonneterie (sauf pour bébés)""",61,"2020-08-31 07:24:26.558547","2020-08-31 07:24:26.558547",NULL,0,4
7215,NULL,NULL,"6116","6116",NULL,"""en""=>""Gloves, mittens and mitts, knitted or crocheted (excl. for babies)"", ""fr""=>""Gants, mitaines et moufles, en bonneterie (sauf pour bébés)""",61,"2020-08-31 07:24:26.558547","2020-08-31 07:24:26.558547",NULL,0,4
7228,"1419","141919","6117","6117 90 00",11,"""en""=>""Parts of garments or clothing accessories, knitted or crocheted, n.e.s."", ""fr""=>""Parties de vêtements ou d'accessoires du vêtement, en bonneterie, n.d.a.""",61,"2020-08-31 07:24:26.558547","2020-08-31 07:24:26.558547",NULL,0,4
7229,NULL,NULL,"6201","6201",NULL,"""en""=>""Men's or boys' overcoats, car coats, capes, cloaks, anoraks, incl. ski jackets, windcheaters, wind-jackets and similar articles (excl. knitted or crocheted, suits, ensembles, jackets, blazers and trousers)"", ""fr""=>""Manteaux, cabans, capes, anoraks, blousons et articles simil., pour hommes ou garçonnets (à l'excl. des articles en bonneterie et des costumes ou complets, ensembles, vestes, vestons, blazers et pantalons)""",62,"2020-08-31 07:24:26.558547","2020-08-31 07:24:26.558547",NULL,0,4
7242,NULL,NULL,"6202","6202",NULL,"""en""=>""Women's or girls' overcoats, car coats, capes, cloaks, anoraks, incl. ski jackets, windcheaters, wind-jackets and similar articles (excl. knitted or crocheted, suits, ensembles, jackets, blazers and trousers)"", ""fr""=>""Manteaux, imperméables, cabans, capes, anoraks, blousons et articles simil., pour femmes ou fillettes (à l'excl. des articles en bonneterie et des costumes tailleurs, ensembles, vestes, blazers et pantalons)""",62,"2020-08-31 07:24:26.558547","2020-08-31 07:24:26.558547",NULL,0,4
7273,"1413","141323","6203","6203 31 00",11,"""en""=>""Men's or boys' jackets and blazers of wool or fine animal hair (excl. knitted or crocheted, and wind-jackets and similar articles)"", ""fr""=>""Vestons de laine ou poils fins, pour hommes ou garçonnets (autres qu'en bonneterie et sauf anoraks et articles simil.)""",62,"2020-08-31 07:24:26.558547","2020-08-31 07:24:26.558547",NULL,0,4
7314,"1413","141332","6204","6204 19 10",11,"""en""=>""Women's or girls' suits of artificial fibres (excl. knitted or crocheted, ski overalls and swimwear)"", ""fr""=>""Costumes tailleurs, de fibres artificielles, pour femmes ou fillettes (autres qu'en bonneterie et sauf combinaisons de ski et vêtements de bain)""",62,"2020-08-31 07:24:26.558547","2020-08-31 07:24:26.558547",NULL,0,4
7375,NULL,NULL,"6205","6205",NULL,"""en""=>""Men's or boys' shirts (excl. knitted or crocheted, nightshirts, singlets and other vests)"", ""fr""=>""Chemises et chemisettes, pour hommes ou garçonnets (autres qu'en bonneterie et sauf chemises de nuit et gilets de corps)""",62,"2020-08-31 07:24:26.558547","2020-08-31 07:24:26.558547",NULL,0,4
7381,NULL,NULL,"6206","6206",NULL,"""en""=>""Women's or girls' blouses, shirts and shirt-blouses (excl. knitted or crocheted and vests)"", ""fr""=>""Chemisiers, blouses, blouses-chemisiers et chemisettes, pour femmes ou fillettes (autres qu'en bonneterie et sauf gilets de corps et chemises de jour)""",62,"2020-08-31 07:24:26.558547","2020-08-31 07:24:26.558547",NULL,0,4
7393,"1414","141422","6207","6207 22 00",11,"""en""=>""Men's or boys' nightshirts and pyjamas of man-made fibres (excl. knitted or crocheted, vests, singlets and underpants)"", ""fr""=>""Chemises de nuit et pyjamas, de fibres synthétiques ou artificielles, pour hommes ou garçonnets (autres qu'en bonneterie et sauf gilets de corps et slips et caleçons)""",62,"2020-08-31 07:24:26.558547","2020-08-31 07:24:26.558547",NULL,0,4
7399,NULL,NULL,"6208","6208",NULL,"""en""=>""Women's or girls' singlets and other vests, slips, petticoats, briefs, panties, nightdresses, pyjamas, négligés, bathrobes, dressing gowns, housecoats and similar articles (excl. knitted or crocheted, brassières, girdles, corsets and similar articles)"", ""fr""=>""Gilets de corps et chemises de jour, combinaisons ou fonds de robes, jupons, slips, chemises de nuit, pyjamas, déshabillés, peignoirs de bain, robes de chambre et articles simil., pour femmes ou fillettes (autres qu'en bonneterie et sauf soutiens-gorge, gaines, corsets et articles simil.)""",62,"2020-08-31 07:24:26.558547","2020-08-31 07:24:26.558547",NULL,0,4
7408,NULL,NULL,"6209","6209",NULL,"""en""=>""Babies' garments and clothing accessories of textile materials (excl. knitted or crocheted and hats)"", ""fr""=>""Vêtements et accessoires du vêtement, de matières textiles de tous genres pour bébés (autres qu'en bonneterie et sauf bonnets)""",62,"2020-08-31 07:24:26.558547","2020-08-31 07:24:26.558547",NULL,0,4
7414,NULL,NULL,"6210","6210",NULL,"""en""=>""Garments made up of felt or nonwovens, whether or not impregnated, coated, covered or laminated; garments of textile fabrics, rubberised or impregnated, coated, covered or laminated with plastics or other substances (excl. knitted or crocheted, and babies' garments and clothing accessories)"", ""fr""=>""Vêtements en feutres ou nontissés, même imprégnés, enduits, recouverts ou stratifiés, ainsi que vêtements en tissus autres qu'en bonneterie caoutchoutés ou imprégnés, enduits ou recouverts de matière plastique ou autres matières (sauf vêtements pour bébés et sauf accessoires du vêtement)""",62,"2020-08-31 07:24:26.558547","2020-08-31 07:24:26.558547",NULL,0,4
7424,"1419","141922","6211","6211 11 00",11,"""en""=>""Men's or boys' swimwear (excl. knitted or crocheted)"", ""fr""=>""Maillots, culottes et slips de bain, pour hommes ou garçonnets (autres qu'en bonneterie)""",62,"2020-08-31 07:24:26.558547","2020-08-31 07:24:26.558547",NULL,0,4
7453,NULL,NULL,"6212","6212",NULL,"""en""=>""Brassieres, girdles, corsets, braces, suspenders, garters and similar articles and parts thereof, of all types of textile materials, whether or not elasticated, incl. knitted or crocheted (excl. belts and corselets made entirely of rubber)"", ""fr""=>""Soutiens-gorge, gaines, corsets, bretelles, jarretelles, jarretières et articles simil. et leurs parties en tous types de matières textiles, même élastiques et même en bonneterie (sauf gaines et gaine-culottes entièrement en caoutchouc)""",62,"2020-08-31 07:24:26.558547","2020-08-31 07:24:26.558547",NULL,0,4
7460,NULL,NULL,"6213","6213",NULL,"""en""=>""Handkerchiefs, of which no side exceeds 60 cm (excl. knitted or crocheted)"", ""fr""=>""Mouchoirs et pochettes dont un côté <= 60 cm (autres qu'en bonneterie)""",62,"2020-08-31 07:24:26.558547","2020-08-31 07:24:26.558547",NULL,0,4
7463,NULL,NULL,"6214","6214",NULL,"""en""=>""Shawls, scarves, mufflers, mantillas, veils and similar articles (excl. knitted or crocheted)"", ""fr""=>""Châles, écharpes, foulards, cache-nez, cache-col, mantilles, voiles et voilettes et articles simil. (autres qu'en bonneterie)""",62,"2020-08-31 07:24:26.558547","2020-08-31 07:24:26.558547",NULL,0,4
7471,"1419","141923","6215","6215 20 00",11,"""en""=>""Ties, bow ties and cravats of man-made fibres (excl. knitted or crocheted)"", ""fr""=>""Cravates, noeuds papillons et foulards cravates, de fibres synthétiques ou artificielles (autres qu'en bonneterie)""",62,"2020-08-31 07:24:26.558547","2020-08-31 07:24:26.558547",NULL,0,4
12317,"1419","141923","6216","6216 00",11,"""en""=>""Gloves, mittens and mitts, of all types of textile materials (excl. knitted or crocheted and for babies)"", ""fr""=>""Gants, mitaines et moufles, en tous types de matières textiles (autres qu'en bonneterie et sauf gants pour bébés)""",62,"2020-09-17 09:06:10.164221","2020-09-17 09:06:10.164221",NULL,0,NULL
7474,NULL,NULL,"6217","6217",NULL,"""en""=>""Made-up clothing accessories and parts of garments or clothing accessories, of all types of textile materials, n.e.s. (excl. knitted or crocheted)"", ""fr""=>""Accessoires confectionnés du vêtement et parties de vêtements ou d'accessoires du vêtement, en tous types de matières textiles, n.d.a. (autres qu'en bonneterie)""",62,"2020-08-31 07:24:26.558547","2020-08-31 07:24:26.558547",NULL,0,4
7478,"2751","275114","6301","6301 10 00",11,"""en""=>""Electric blankets of all types of textile materials"", ""fr""=>""Couvertures chauffantes électriques en tous types de matières textiles""",63,"2020-08-31 07:24:26.558547","2020-08-31 07:24:26.558547",NULL,0,12
7491,NULL,NULL,"6302","6302",NULL,"""en""=>""Bedlinen, table linen, toilet linen and kitchen linen of all types of textile materials (excl. floorcloths, polishing cloths, dishcloths and dusters)"", ""fr""=>""Linge de lit, de table, de toilette ou de cuisine en tous types de matières textiles (sauf serpillières, chiffons à parquet, lavettes et chamoisettes)""",63,"2020-08-31 07:24:26.558547","2020-08-31 07:24:26.558547",NULL,0,4
7523,NULL,NULL,"6303","6303",NULL,"""en""=>""Curtains, incl. drapes, and interior blinds; curtain or bed valances of all types of textile materials (excl. awnings and sunblinds)"", ""fr""=>""Vitrages, rideaux et stores d'intérieur ainsi que cantonnières et tours de lit, en tous types de matières textiles (autres que stores d'extérieur)""",63,"2020-08-31 07:24:26.558547","2020-08-31 07:24:26.558547",NULL,0,4
7533,NULL,NULL,"6304","6304",NULL,"""en""=>""Articles for interior furnishing, of all types of textile materials (excl. blankets and travelling rugs, bedlinen, table linen, toilet linen, kitchen linen, curtains, incl. drapes, interior blinds, curtain or bed valances, lampshades and articles of heading 9404)"", ""fr""=>""Articles d'ameublement en tous types de matières textiles (sauf couvertures, linge de lit, linge de table, linge de toilette et de cuisine, vitrages, rideaux, stores d'intérieur, cantonnières et tours de lit, abat-jour et les articles du n° 9404)""",63,"2020-08-31 07:24:26.558547","2020-08-31 07:24:26.558547",NULL,0,4
7546,"1392","139221","6305","6305 10 10",11,"""en""=>""Used sacks and bags, for the packing of goods, of jute or other textile bast fibres of heading 5303"", ""fr""=>""Sacs et sachets d'emballage de jute ou d'autres fibres textiles libériennes du n° 5303, usagés""",63,"2020-08-31 07:24:26.558547","2020-08-31 07:24:26.558547",NULL,0,4
7558,NULL,NULL,"6306","6306",NULL,"""en""=>""Tarpaulins, awnings and sunblinds; tents; sails for boats, sailboards or landcraft; camping goods of all types of textile materials (excl. flat protective coverings of light woven fabrics; umbrella and play tents; rucksacks, napsacks and similar containers; sleeping bags, mattresses and pillows, incl. their fillings)"", ""fr""=>""Bâches et stores d'extérieur, tentes, voiles pour embarcations, planches à voile ou chars à voile et articles de campement, en tous textiles (à l'excl. des parasols-tentes et tentes-jouets, des toiles de protection en tissus légers confectionnées à plat, des sacs de campement, sacs militaires et contenants simil. ainsi que des sacs de couchage, matelas, oreillers et coussins rembourrés)""",63,"2020-08-31 07:24:26.558547","2020-08-31 07:24:26.558547",NULL,0,4
7566,NULL,NULL,"6307","6307",NULL,"""en""=>""Made-up articles of textile materials, incl. dress patterns, n.e.s."", ""fr""=>""Autres articles de matières textiles, confectionnés, y.c. les patrons de vêtements, n.d.a.""",63,"2020-08-31 07:24:26.558547","2020-08-31 07:24:26.558547",NULL,0,4
12318,"1392","139216","6308","6308 00",11,"""en""=>""Sets consisting of woven fabric and yarn, whether or not with accessories, for making up into rugs, tapestries, embroidered tablecloths or serviettes, or similar textile articles, put up in packings for retail sale (excl. sets for making up into articles of clothing)"", ""fr""=>""Assortiments composés de pièces de tissus et de fils, même avec accessoires, pour la confection de tapis, de tapisseries, de nappes de table ou de serviettes brodées, ou d'articles textiles simil., en emballages pour la vente au détail (sauf assortiments pour la confection de vêtements)""",63,"2020-09-17 09:06:10.164221","2020-09-17 09:06:10.164221",NULL,0,NULL
12319,"1413","141340","6309","6309 00",11,"""en""=>""Worn clothing and clothing accessories, blankets and travelling rugs, household linen and articles for interior furnishing, of all types of textile materials, incl. all types of footwear and headgear, showing signs of appreciable wear and presented in bulk or in bales, sacks or similar packings (excl. carpets, other floor coverings and tapestries)"", ""fr""=>""Articles de friperie composés de vêtements, accessoires du vêtement, couvertures, linge de maison et articles d'aménagement intérieur, en tous types de matières textiles, y.c. les chaussures et coiffures de tous genres, manifestement usagés et présentés en vrac ou en paquets simpl. ficelés ou en balles, sacs ou conditionnements simil. (sauf tapis et autres revêtements de sol et sauf tapisseries)""",63,"2020-09-17 09:06:10.164221","2020-09-17 09:06:10.164221",NULL,0,NULL
7579,NULL,NULL,"6310","6310",NULL,"""en""=>""Used or new rags, scrap twine, cordage, rope and cables and worn-out articles thereof, of textile materials"", ""fr""=>""Chiffons en tous types de matières textiles ainsi que ficelles, cordes et cordages et articles composés de ceux-ci, de matières textiles, sous forme de déchets ou d'articles hors d'usage""",63,"2020-08-31 07:24:26.558547","2020-08-31 07:24:26.558547",NULL,0,4
7582,NULL,NULL,"6401","6401",NULL,"""en""=>""Waterproof footwear with outer soles and uppers of rubber or of plastics, the uppers of which are neither fixed to the sole nor assembled by stitching, riveting, nailing, screwing, plugging or similar processes (excl. orthopaedic footwear, toy footwear, skating boots with ice skates attached, shin-guards and similar protective sportswear)"", ""fr""=>""Chaussures étanches, à semelles extérieure et dessus en caoutchouc ou en matière plastique, dont le dessus n'a été ni réuni à la semelle extérieure par couture ou par rivets, clous, vis, tétons ou dispositifs simil., ni formé de différentes parties assemblées par ces mêmes procédés (sauf chaussures d'orthopédie, chaussures ayant le caractère de jouets, chaussures et protections utilisées pour le sport)""",64,"2020-08-31 07:24:26.558547","2020-08-31 07:24:26.558547",NULL,0,4
7598,"1520","152031","6402","6402 99 05",12,"""en""=>""Footwear incorporating a protective metal toecap, with outer soles and uppers of rubber or plastics (excl. covering the ankle, waterproof footwear of heading 6401, sports footwear and orthopaedic footwear)"", ""fr""=>""Chaussures à semelles extérieures et dessus en caoutchouc ou en matières plastiques, comportant à l'avant une coquille de protection en métal (sauf couvrant la cheville et à l'excl. des chaussures étanches du n° 6401, des chaussures d'orthopédie et de sport)""",64,"2020-08-31 07:24:26.558547","2020-08-31 07:24:26.558547",NULL,0,4
7619,"1520","152013","6403","6403 51 99",12,"""en""=>""Women's footwear with outer soles and uppers of leather, covering the ankle and calf, with in-soles of >= 24 cm in length (excl. incorporating a protective metal toecap, sports footwear, and orthopaedic footwear)"", ""fr""=>""Chaussures à semelles extérieures et dessus en cuir naturel, couvrant la cheville et le mollet, semelles intérieures de longueur >= 24 cm, pour femmes (sauf avec coquille de protection en métal à l'avant et sauf chaussures de sport et d'orthopédie)""",64,"2020-08-31 07:24:26.558547","2020-08-31 07:24:26.558547",NULL,0,4
7655,"1520","152014","6404","6404 19 10",12,"""en""=>""Slippers and other indoor footwear, with outer soles of rubber or plastics and uppers of textile materials (excl. tennis shoes, gym shoes, training shoes and the like, and toy footwear)"", ""fr""=>""Pantoufles et autres chaussures d'intérieur, à semelles extérieures en caoutchouc ou en matière plastique, à dessus en matières textiles (sauf chaussures dites de tennis, de gymnastique, d'entraînement et chaussures simil. ainsi que chaussures ayant le caractère de jouets)""",64,"2020-08-31 07:24:26.558547","2020-08-31 07:24:26.558547",NULL,0,4
7660,NULL,NULL,"6405","6405",NULL,"""en""=>""Footwear with outer soles of rubber or plastics, with uppers other than rubber, plastics, leather or textile materials; footwear with outer soles of leather or composition leather, with uppers other than leather or textile materials; footwear with outer soles of wood, cork, twine, paperboard, furskin, woven fabrics, felt, nonwovens, linoleum, raffia, straw, loofah, etc and uppers of any type of material, n.e.s."", ""fr""=>""Chaussures à semelles extérieures en caoutchouc ou en matière plastique et à dessus en autres matières que caoutchouc, matière plastique, cuir ou matières textiles; chaussures à semelles extérieures en cuir naturel ou reconstitué et à dessus en autres matières que cuir ou matières textiles; chaussures à semelles extérieures en bois, liège, corde, carton, pelleteries naturelles, tissu, feutre, nontissé, linoléum, raphia, paille, luffa, etc. et à dessus en toute matière n.d.a.""",64,"2020-08-31 07:24:26.558547","2020-08-31 07:24:26.558547",NULL,0,4
7669,NULL,NULL,"6406","6406",NULL,"""en""=>""Parts of footwear, incl. uppers whether or not attached to soles other than outer soles; removable in-soles, heel cushions and similar articles; gaiters, leggings and similar articles, and parts thereof (excl. articles of asbestos)"", ""fr""=>""Parties de chaussures, y.c. les dessus, même fixées à des semelles autres que les semelles extérieures; semelles intérieures amovibles, talonnettes et articles simil. amovibles; guêtres, jambières et articles simil., et leurs parties (sauf les parties en amiante)""",64,"2020-08-31 07:24:26.558547","2020-08-31 07:24:26.558547",NULL,0,4
12320,"1419","141941","6501","6501 00",12,"""en""=>""Hat-forms, hat bodies and hoods of felt, neither blocked to shape nor with made brims; plateaux and manchons, incl. slit manchons, of felt"", ""fr""=>""Cloches non dressées (mises en forme) ni tournurées (mises en tournure), plateaux (disques), manchons (cylindres) même fendus dans le sens de la hauteur, en feutre, pour chapeaux""",65,"2020-09-17 09:06:10.164221","2020-09-17 09:06:10.164221",NULL,0,NULL
12321,"1419","141941","6502","6502 00",12,"""en""=>""Hat-shapes, plaited or made by assembling strips of any material (excl. blocked to shape, with made brims, lined, or trimmed)"", ""fr""=>""Cloches ou formes pour chapeaux, tressées ou fabriquées par l'assemblage de bandes en toutes matières, non dressées (mises en forme) ni tournurées (mises en tournure), ni garnies""",65,"2020-09-17 09:06:10.164221","2020-09-17 09:06:10.164221",NULL,0,NULL
12322,"1419","141942","6504","6504 00",12,"""en""=>""Hats and other headgear, plaited or made by assembling strips of any material, whether or not lined or trimmed (excl. headgear for animals, and toy and carnival headgear)"", ""fr""=>""Chapeaux et autres coiffures, tressés ou fabriqués par l'assemblage de bandes en toutes matières, même garnis (sauf coiffures pour animaux ou ayant le caractère de jouets ou d'articles de carnaval)""",65,"2020-09-17 09:06:10.164221","2020-09-17 09:06:10.164221",NULL,0,NULL
12622,NULL,NULL,"6505","6505",NULL,"""en""=>""Hats and other headgear, knitted or crocheted, or made up from lace, felt or other textile fabric, in the piece (but not in strips), whether or not lined or trimmed; hairnets of any material, whether or not lined or trimmed (excl. headgear for animals, and toy and carnival headgear)"", ""fr""=>""Chapeaux et autres coiffures en bonneterie ou confectionnés à l'aide de dentelles, de feutre ou d'autres produits textiles, en pièces (mais non en bandes), même garnis; résilles et filets à cheveux en toutes matières, même garnis (à l'excl. des coiffures pour animaux ou ayant le caractère de jouets ou d'articles de carnaval)""",65,"2020-09-17 09:06:10.164221","2020-09-17 09:06:10.164221",NULL,0,4
7688,NULL,NULL,"6506","6506",NULL,"""en""=>""Headgear, whether or not lined or trimmed, n.e.s."", ""fr""=>""Coiffures et autres chapeaux, même garnis, n.d.a.""",65,"2020-08-31 07:24:26.558547","2020-08-31 07:24:26.558547",NULL,0,4
12323,"1419","141943","6507","6507 00",12,"""en""=>""Headbands, linings, covers, hat foundations, hat frames, peaks and chinstraps, for headgear (excl. headbands used by sportsmen as sweatbands, knitted or crocheted)"", ""fr""=>""Bandes pour garniture intérieure, coiffes, couvre-coiffures, carcasses, visières et jugulaires pour la chapellerie (sauf les bandeaux utilisés par les sportifs comme protection contre les gouttes de transpiration, en bonneterie)""",65,"2020-09-17 09:06:10.164221","2020-09-17 09:06:10.164221",NULL,0,NULL
7697,NULL,NULL,"6601","6601",NULL,"""en""=>""Umbrellas and sun umbrellas, incl. walking-stick umbrellas, garden umbrellas and similar umbrellas (excl. toy umbrellas and beach tents)"", ""fr""=>""Parapluies, ombrelles et parasols, y.c. les parapluies-cannes, les parasols de jardin et articles simil. (sauf jouets d'enfants et tentes de plage)""",66,"2020-08-31 07:24:26.558547","2020-08-31 07:24:26.558547",NULL,0,15
12324,"3299","329921","6602","6602 00",12,"""en""=>""Walking sticks, seat-sticks, whips, riding-crops and the like (excl. measure walking sticks, crutches, firearm-sticks and sports sticks)"", ""fr""=>""Cannes, cannes-sièges, fouets, cravaches et articles simil. (sauf cannes-mesures, béquilles, cannes ayant le caractère d'armes et cannes de sport)""",66,"2020-09-17 09:06:10.164221","2020-09-17 09:06:10.164221",NULL,0,NULL
7704,NULL,NULL,"6603","6603",NULL,"""en""=>""Parts, trimmings and accessories for umbrellas and sun umbrellas of heading 6601 or for walking sticks, seat-sticks, whips, riding-crops and the like of heading 6602"", ""fr""=>""Parties, garnitures et accessoires reconnaissables comme étant destinés aux parapluies, ombrelles ou parasols du n° 6601 ou aux cannes, cannes-sièges, fouets, cravaches et articles simil. du n° 6602""",66,"2020-08-31 07:24:26.558547","2020-08-31 07:24:26.558547",NULL,0,15
12325,"1012","101250","6701","6701 00",12,"""en""=>""Skins and other parts of birds with their feathers or down, feathers, parts of feathers, down and articles thereof (excl. goods of heading 0505, worked quills and scapes, footwear and headgear, articles of bedding and similar furnishing of heading 9404, toys, games and sports requisites, and collectors' pieces)"", ""fr""=>""Peaux et autres parties d'oiseaux revêtues de leurs plumes ou de leur duvet, plumes, parties de plumes, duvet et articles en ces matières (autres que les produits des peaux et autres parties d'oiseaux du n° 0505, les tuyaux et tiges de plumes travaillés, les chaussures et coiffures, les articles de literie et articles simil. du n° 9404, les jouets, jeux, engins sportifs et articles de collection)""",67,"2020-09-17 09:06:10.164221","2020-09-17 09:06:10.164221",NULL,0,NULL
7710,NULL,NULL,"6702","6702",NULL,"""en""=>""Artificial flowers, foliage and fruit and parts thereof, and articles made of artificial flowers, foliage or fruit, by binding, glueing, fitting into one another or similar methods"", ""fr""=>""Fleurs, feuillages et fruits artificiels, y.c. leurs parties; articles confectionnés en fleurs, feuillages ou fruits artificiels fabriqués par ligature, collage, emboîtage ou procédés simil.""",67,"2020-08-31 07:24:26.558547","2020-08-31 07:24:26.558547",NULL,0,15
12326,"3299","329930","6703","6703 00",12,"""en""=>""Human hair, dressed, thinned, bleached or otherwise worked; wool, other animal hair or other textile materials, prepared for use in making wigs or the like (excl. natural plaits of human hair, whether or not washed and degreased, but not otherwise processed)"", ""fr""=>""Cheveux remis, amincis, blanchis ou autrement préparés; laine, poils et autres matières textiles, préparés pour la fabrication de perruques ou d'articles simil. (sauf tresses en cheveux naturels, bruts, même lavés et dégraissés, sinon non traités)""",67,"2020-09-17 09:06:10.164221","2020-09-17 09:06:10.164221",NULL,0,NULL
7718,"3299","329930","6704","6704 90 00",12,"""en""=>""Wigs, false beards, eyebrows and eyelashes, switches and the like, of animal hair or textile materials (excl. synthetic textile materials)"", ""fr""=>""Perruques, barbes, sourcils, cils, mèches et articles simil., en poils ou matières textiles (sauf matières textiles synthétiques)""",67,"2020-08-31 07:24:26.558547","2020-08-31 07:24:26.558547",NULL,0,15
12327,"2370","237012","6801","6801 00",13,"""en""=>""Setts, curbstones and flagstones, of natural stone (excl. slate)"", ""fr""=>""Pavés, bordures de trottoirs et dalles de pavage, en pierres naturelles (autres que l'ardoise)""",68,"2020-09-17 09:06:10.164221","2020-09-17 09:06:10.164221",NULL,0,NULL
7720,NULL,NULL,"6802","6802",NULL,"""en""=>""Monumental or building stone, natural (excl. slate), worked, and articles; mosaic cubes etc. of natural stone, incl. slate, whether or not on a backing; artificially coloured granules, chippings, powder, of natural stone, incl. slate (excl. setts, curbstones, flagstones; articles of fused basalt and of fired steatite; jewellery, clocks, lamps and parts; buttons, chalks, original sculptures and statuary)"", ""fr""=>""Pierres de taille ou de construction (autres que l'ardoise) travaillées et ouvrages en ces pierres; cubes, dés et articles simil. pour mosaïques, en pierres naturelles, y.c. l'ardoise, même sur support; granulés, éclats et poudres de pierres naturelles, y.c. l'ardoise, colorés artificiellement (sauf craies; boutons; bijouterie de fantaisie; appareils d'horlogerie ou d'éclairage et leurs parties; articles du n° 6801)""",68,"2020-08-31 07:24:26.558547","2020-08-31 07:24:26.558547",NULL,0,9
12623,NULL,NULL,"6803","6803",NULL,"""en""=>""Worked slate and articles of slate or of agglomerated slate (excl. slate granules, chippings and powder, mosaic cubes and the like, slate pencils, and ready-to-use slates or boards with writing or drawing surfaces)"", ""fr""=>""Ardoise naturelle travaillée et ouvrages en ardoise naturelle ou agglomérée (ardoisine) (sauf grains, granulés, éclats et poudres d'ardoises; pierres pour mosaïques et analogues; crayons d'ardoise, tableaux en ardoise prêts à l'emploi et ardoises pour l'écriture ou le dessin)""",68,"2020-09-17 09:06:10.164221","2020-09-17 09:06:10.164221",NULL,0,9
7741,"2391","239111","6804","6804 22 18",13,"""en""=>""Millstones, grindstones, grinding wheels and the like, without frameworks, for sharpening, polishing, trueing or cutting, of artificial abrasives, with binder of synthetic or artificial resin, reinforced (excl. of agglomerated synthetic or natural diamond, hand sharpening or polishing stones, perfumed pumice stones, and grinding wheels etc. specifically for dental drill engines)"", ""fr""=>""Meules et articles simil., sans bâtis, à broyer, aiguiser, polir, rectifier, trancher ou tronçonner, en abrasifs artificiels agglomérés, avec agglomérant, en résines synthétiques, renforcés (sauf en diamants synthétiques agglomérés et sauf pierres à aiguiser ou à polir à la main, et meules, etc. spécialement travaillées pour fraises de dentiste)""",68,"2020-08-31 07:24:26.558547","2020-08-31 07:24:26.558547",NULL,0,9
7747,NULL,NULL,"6805","6805",NULL,"""en""=>""Natural or artificial abrasive powder or grain, on a base of textile material, paper, paperboard or other materials, whether or not cut to shape or sewn or otherwise made up"", ""fr""=>""Abrasifs naturels ou artificiels en poudre ou en grains, appliqués sur un fond en matières textiles, papier, carton ou autres matières, même découpés, cousus ou autrement assemblés""",68,"2020-08-31 07:24:26.558547","2020-08-31 07:24:26.558547",NULL,0,9
7751,NULL,NULL,"6806","6806",NULL,"""en""=>""Slag-wool, rock-wool and similar mineral wools; exfoliated vermiculite, expanded clays, foamed slag and similar expanded mineral materials; mixtures and articles of heat-insulating, sound-insulating or sound absorbing mineral materials (excl. articles of light concrete, asbestos, asbestos-cement, cellulose fibre-cement or the like, mixtures and other articles of or based on asbestos, and ceramic products)"", ""fr""=>""Laines de laitier, de scories, de roche et laines minérales simil.; vermiculite expansée, argiles expansées, mousse de scories et produits minéraux simil. expansés; mélanges et ouvrages en matières minérales à usage d'isolants thermiques ou sonores ou pour l'absorption du son (sauf ceux en béton léger, amiante ou base d'amiante, amiante-ciment, cellulose-ciment et simil.; articles en céramique)""",68,"2020-08-31 07:24:26.558547","2020-08-31 07:24:26.558547",NULL,0,9
7757,NULL,NULL,"6807","6807",NULL,"""en""=>""Articles of asphalt or of similar materials, e.g. petroleum bitumen or coal tar pitch"", ""fr""=>""Ouvrages en asphalte ou en produits simil., p.ex. poix de pétrole, brais""",68,"2020-08-31 07:24:26.558547","2020-08-31 07:24:26.558547",NULL,0,9
12328,"2365","236511","6808","6808 00",13,"""en""=>""Panels, boards, tiles, blocks and similar articles of vegetable fibre, of straw or of shavings, chips, particles, sawdust or other waste of wood, agglomerated with cement, plaster or other mineral binders (excl. articles of asbestos-cement, cellulose fibre-cement or the like)"", ""fr""=>""Panneaux, planches, carreaux, blocs et articles simil., en fibres végétales, en paille ou en copeaux, plaquettes, particules, sciures ou autres déchets de bois, agglomérés avec du ciment, du plâtre ou d'autres liants minéraux (sauf articles en amiante-ciment, cellulose-ciment et produits simil.)""",68,"2020-09-17 09:06:10.164221","2020-09-17 09:06:10.164221",NULL,0,NULL
7761,NULL,NULL,"6809","6809",NULL,"""en""=>""Articles of plaster or of compositions based on plaster (excl. plaster bandages for straightening fractures, put up for retail sale; plaster splints for the treatment of fractures; lightweight with plaster agglomerated building boards or articles for heat-insulation, sound-insulation or sound absorption; anatomic and other models for demonstration purposes; original sculptures and statuary)"", ""fr""=>""Ouvrages en plâtre ou en compositions à base de plâtre (sauf plâtre en bandes pour fracture des os, destiné à la vente au détail et sauf attelles en plâtre pour le traitement de fracture des os; cloisons légères ou ouvrages à usage d'isolants thermiques ou sonores ou pour l'absorption du son, à liaison en plâtre; modèles anatomiques et autres à des fins de démonstration; modèles originaux en sculpture)""",68,"2020-08-31 07:24:26.558547","2020-08-31 07:24:26.558547",NULL,0,9
7771,"2369","236919","6810","6810 99 00",13,"""en""=>""Articles of cement, concrete or artificial stone, whether or not reinforced (excl. prefabricated structural components for building or civil engineering, tiles, paving, bricks and the like)"", ""fr""=>""Ouvrages en ciment, en béton ou en pierres artificielles, même armés (sauf éléments préfabriqués pour le bâtiment ou le génie civil; tuiles, carreaux, dalles, briques et articles simil.)""",68,"2020-08-31 07:24:26.558547","2020-08-31 07:24:26.558547",NULL,0,9
7773,"2365","236512","6811","6811 40 00",13,"""en""=>""Articles of asbestos-cement, cellulose fibre-cement or the like, containing asbestos"", ""fr""=>""Ouvrages en amiante-ciment, cellulose-ciment ou simil., contenant de l'amiante""",68,"2020-08-31 07:24:26.558547","2020-08-31 07:24:26.558547",NULL,0,9
7785,"2399","239911","6812","6812 99 10",13,"""en""=>""Fabricated asbestos fibres; mixtures with a basis of asbestos or with a basis of asbestos and magnesium carbonate (excl. of crocidolite asbestos)"", ""fr""=>""Amiante travaillé, en fibres; mélanges à base d'amiante ou à base d'amiante et de carbonate de magnésium (sauf en amiante crocidolite)""",68,"2020-08-31 07:24:26.558547","2020-08-31 07:24:26.558547",NULL,0,9
7787,NULL,NULL,"6813","6813",NULL,"""en""=>""Friction material and articles thereof, e.g., sheets, rolls, strips, segments, discs, washers, pads, not mounted, for brakes, clutches or the like, with a basis of asbestos, other mineral substances or cellulose, whether or not combined with textile or other materials (excl. mounted friction material)"", ""fr""=>""Garnitures de friction [p.ex. plaques, rouleaux, bandes, segments, disques, rondelles, plaquettes], non montées, pour freins, pour embrayages ou pour tous organes de frottement, à base d'amiante [asbeste], d'autres substances minérales ou de cellulose, même combinés avec des textiles ou d'autres matières (à l'excl. des garnitures de freins montées)""",68,"2020-08-31 07:24:26.558547","2020-08-31 07:24:26.558547",NULL,0,9
7791,NULL,NULL,"6814","6814",NULL,"""en""=>""Worked mica and articles of mica, incl. agglomerated or reconstituted mica, whether or not on a support of paper, paperboard or other materials (excl. electrical insulators, insulating fittings, resistors and capacitors, protective goggles of mica and their glasses, and mica in the form of Christmas tree decorations)"", ""fr""=>""Mica travaillé et ouvrages en mica, y.c le mica aggloméré ou reconstitué, même sur support en papier, en carton ou en autres matières (sauf isolateurs, pièces isolantes, résistances et condensateurs électriques; lunettes de protection en mica et verre à cet effet; mica sous forme de décorations pour sapin de Noël)""",68,"2020-08-31 07:24:26.558547","2020-08-31 07:24:26.558547",NULL,0,9
7794,NULL,NULL,"6815","6815",NULL,"""en""=>""Articles of stone or of other mineral substances, incl. carbon fibres, articles of carbon fibres and articles of peat, n.e.s."", ""fr""=>""Ouvrages en pierre ou en autres matières minérales, y.c. les fibres de carbone, les ouvrages en ces matières et en tourbe, n.d.a.""",68,"2020-08-31 07:24:26.558547","2020-08-31 07:24:26.558547",NULL,0,9
12329,"2320","232011","6901","6901 00",13,"""en""=>""Bricks, blocks, tiles and other ceramic goods of siliceous fossil meals, e.g. kieselguhr, tripolite or diatomite, or of similar siliceous earths"", ""fr""=>""Briques, dalles, carreaux et autres pièces céramiques, en farines siliceuses fossiles [p.ex. kieselguhr, tripolite, diatomite], ou en terres siliceuses analogues""",69,"2020-09-17 09:06:10.164221","2020-09-17 09:06:10.164221",NULL,0,NULL
7802,NULL,NULL,"6902","6902",NULL,"""en""=>""Refractory bricks, blocks, tiles and similar refractory ceramic constructional goods (excl. those of siliceous fossil meals or similar siliceous earths)"", ""fr""=>""Briques, dalles, carreaux et pièces céramiques de construction analogues, réfractaires (autres que ceux en farines siliceuses fossiles ou en terres siliceuses analogues)""",69,"2020-08-31 07:24:26.558547","2020-08-31 07:24:26.558547",NULL,0,9
7809,NULL,NULL,"6903","6903",NULL,"""en""=>""Retorts, crucibles, mufflers, nozzles, plugs, supports, cupels, tubes, pipes, sheaths, rods and other refractory ceramic goods (excl. those of siliceous fossil meals or of similar siliceous earths, and refractory bricks, blocks, tiles and similar refractory ceramic constructional goods)"", ""fr""=>""Cornues, creusets, moufles, busettes, tampons, supports, coupelles, tubes, tuyaux, gaines et autres articles céramiques réfractaires (sauf produits en farines siliceuses fossiles ou en terres siliceuses analogues et sauf briques, dalles, carreaux et pièces céramiques de construction analogues, réfractaires)""",69,"2020-08-31 07:24:26.558547","2020-08-31 07:24:26.558547",NULL,0,9
7817,NULL,NULL,"6904","6904",NULL,"""en""=>""Ceramic building bricks, flooring blocks, support or filler tiles and the like (excl. those of siliceous fossil meals or similar siliceous earths, refractory bricks of heading 6902, and flags and pavings, hearth and wall tiles of heading 6907 and 6908)"", ""fr""=>""Briques de construction, hourdis, cache-poutrelles et articles simil. en céramique (sauf produits en farines siliceuses fossiles ou en terres siliceuses analogues; briques, dalles, carreaux et pièces céramiques de construction analogues, réfractaires du n° 6902 et sauf carreaux, pavés en pierre calcinée, dalles de pavement et de revêtement des n° 6907 et 6908)""",69,"2020-08-31 07:24:26.558547","2020-08-31 07:24:26.558547",NULL,0,9
7820,NULL,NULL,"6905","6905",NULL,"""en""=>""Roofing tiles, chimney pots, cowls, chimney liners, architectural ornaments and other ceramic constructional goods (excl. of siliceous fossil meals or similar siliceous earths, refractory ceramic constructional components, pipes and other components for drainage and similar purposes)"", ""fr""=>""Tuiles, éléments de cheminée, conduits de fumée, ornements architectoniques, en céramique, et autres poteries de bâtiment (autres qu'en farines siliceuses fossiles ou en terres siliceuses analogues, sauf pièces céramiques réfractaires de construction et sauf tuyaux et autres pièces de construction pour canalisations et usages simil.)""",69,"2020-08-31 07:24:26.558547","2020-08-31 07:24:26.558547",NULL,0,9
12330,"2332","233213","6906","6906 00",13,"""en""=>""Ceramic pipes, conduits, guttering and pipe fittings (excl. of siliceous fossil meals or similar siliceous earths, refractory ceramic goods, chimney liners, pipes specifically manufactured for laboratories, insulating tubing and fittings and other piping for electrotechnical purposes)"", ""fr""=>""Tuyaux, conduits, gouttières et pièces d'assemblage pour tuyaux, pièces d'obturation de tuyaux, raccords de tuyaux et autres accessoires de tuyauterie, en céramique (sauf articles en farines siliceuses fossiles ou en terres siliceuses analogues; articles céramiques réfractaires; conduits de fumée; tuyaux spécialement conçus pour laboratoires; gaines isolantes, leurs pièces de raccord et autres accessoires de tuyauterie à usage électrotechnique)""",69,"2020-09-17 09:06:10.164221","2020-09-17 09:06:10.164221",NULL,0,NULL
7825,"2331","233110","6907","6907 21 00",13,"""en""=>""Ceramic flags and paving, hearth or wall tiles, of a water absorption coefficient by weight <= 0,5 % (excl. refractory, mosaic cubes and finishing ceramics)"", ""fr""=>""Carreaux et dalles de pavement ou de revêtement, en céramique, d’un coefficient d’absorption d’eau en poids <= 0,5 % (à l’exclusion des articles réfractaires, des cubes pour mosaïques et des pièces de finition en céramique)""",69,"2020-08-31 07:24:26.558547","2020-08-31 07:24:26.558547",NULL,0,9
7831,NULL,NULL,"6909","6909",NULL,"""en""=>""Ceramic wares for laboratory, chemical or other technical uses; ceramic troughs, tubs and similar receptacles used in agriculture; ceramic pots, jars and similar articles used for the conveyance or packing of goods (excl. millstones, polishing stones, grindstones and the like of heading 6804; refractory ceramic goods; household articles; containers for shops; electrical devices, insulators and other insulating fittings)"", ""fr""=>""Appareils et articles en céramique, pour tous usages techniques; auges, bacs et récipients simil. pour l'économie rurale, en céramique; cruchons et récipients simil. de transport ou d'emballage, en céramique (sauf meules, pierres à aiguiser et articles simil. du n° 6804, articles céramiques réfractaires, articles de ménage, cruches et jarres de magasin, appareils électriques et pièces isolantes électriques)""",69,"2020-08-31 07:24:26.558547","2020-08-31 07:24:26.558547",NULL,0,9
7836,NULL,NULL,"6910","6910",NULL,"""en""=>""Ceramic sinks, washbasins, washbasin pedestals, baths, bidets, water closet pans, flushing cisterns, urinals and similar sanitary fixtures (excl. soap dishes, sponge holders, tooth-brush holders, towel hooks and toilet paper holders)"", ""fr""=>""Éviers, lavabos, colonnes de lavabos, baignoires, bidets, cuvettes d'aisance, réservoirs de chasse, urinoirs et appareils fixes simil. pour usages sanitaires, en céramique (sauf porte-savon, porte-éponge, porte-brosse à dents, porte-serviettes et porte-papier hygiénique)""",69,"2020-08-31 07:24:26.558547","2020-08-31 07:24:26.558547",NULL,0,9
7839,NULL,NULL,"6911","6911",NULL,"""en""=>""Tableware, kitchenware, other household articles and toilet articles, of porcelain or china (excl. baths, bidets, sinks and similar sanitary fixtures, statuettes and other ornamental articles, pots, jars, carboys and similar receptacles for the conveyance or packing of goods, and coffee grinders and spice mills with receptacles made of ceramics and working parts of metal)"", ""fr""=>""Vaisselle, autres articles de ménage ou d'économie domestique et articles d'hygiène ou de toilette en porcelaine (sauf baignoires, bidets, éviers et autres appareils fixes simil.; statuettes et autres objets d'ornementation; cruchons, cornues et récipients simil. de transport ou d'emballage; moulins à café et moulins à épices avec récipient en céramique et élément de travail en métal)""",69,"2020-08-31 07:24:26.558547","2020-08-31 07:24:26.558547",NULL,0,9
12625,NULL,NULL,"6912","6912",NULL,"""en""=>""Tableware, kitchenware, other household articles and toilet articles, of ceramics other than porcelain or china (excl. baths, bidets, sinks and similar sanitary fixtures, statuettes and other ornamental articles, pots, jars, carboys and similar receptacles for the conveyance or packing of goods, and coffee grinders and spice mills with receptacles made of ceramics and working parts of metal)"", ""fr""=>""Vaisselle, autres articles de ménage ou d'économie domestique et articles d'hygiène ou de toilette en céramique, autres que la porcelaine (sauf baignoires, bidets, éviers et autres appareils fixes simil.; statuettes et autres objets d'ornementation; cruchons, cornues et récipients simil. de transport ou d'emballage; moulins à café et moulins à épices avec récipient en céramique et élément de travail en métal)""",69,"2020-09-17 09:06:10.164221","2020-09-17 09:06:10.164221",NULL,0,9
7851,NULL,NULL,"6913","6913",NULL,"""en""=>""Statuettes and other ornamental ceramic articles, n.e.s."", ""fr""=>""Statuettes et autres objets d'ornementation en céramique n.d.a.""",69,"2020-08-31 07:24:26.558547","2020-08-31 07:24:26.558547",NULL,0,9
7857,NULL,NULL,"6914","6914",NULL,"""en""=>""Ceramic articles, n.e.s."", ""fr""=>""Ouvrages en céramique n.d.a.""",69,"2020-08-31 07:24:26.558547","2020-08-31 07:24:26.558547",NULL,0,9
12624,NULL,NULL,"7001","7001",NULL,"""en""=>""Cullet and other waste and scrap of glass; glass in the mass (excl. glass in the form of powder, granules or flakes)"", ""fr""=>""Calcin et autres déchets et débris de verre; verre en masse (sauf verre sous forme de poudre, grenailles, lamelles ou flocons)""",70,"2020-09-17 09:06:10.164221","2020-09-17 09:06:10.164221",NULL,0,9
7871,"2319","231911","7002","7002 39 00",13,"""en""=>""Tubes of glass, unworked (excl. tubes of glass having a linear coefficient of expansion <= 5 x 10-6 per kelvin within a temperature range of 0°C to 300°C or of fused quartz or other fused silica)"", ""fr""=>""Tubes en verre non travaillé (sauf à coefficient de dilatation linéaire <= 5 x 10-6 par kelvin entre 0°C et 300°C, et sauf en quartz fondu ou en un autre silice fondu)""",70,"2020-08-31 07:24:26.558547","2020-08-31 07:24:26.558547",NULL,0,9
7872,NULL,NULL,"7003","7003",NULL,"""en""=>""Cast glass and rolled glass, in sheets or profiles, whether or not having an absorbent, reflecting or non-reflecting layer, but not otherwise worked"", ""fr""=>""Plaques, feuilles ou profilés en verre dit 'coulé', même à couche absorbante, réfléchissante ou non réfléchissante, mais non autrement travaillé""",70,"2020-08-31 07:24:26.558547","2020-08-31 07:24:26.558547",NULL,0,9
7882,NULL,NULL,"7004","7004",NULL,"""en""=>""Sheets of glass, drawn or blown, whether or not having an absorbent, reflecting or non-reflecting layer, but not otherwise worked"", ""fr""=>""Feuilles en verre étiré ou soufflé, même à couche absorbante, réfléchissante ou non réfléchissante, mais non autrement travaillé""",70,"2020-08-31 07:24:26.558547","2020-08-31 07:24:26.558547",NULL,0,9
7890,NULL,NULL,"7005","7005",NULL,"""en""=>""Float glass and surface ground or polished glass, in sheets, whether or not having an absorbent, reflecting or non-reflecting layer, but not otherwise worked"", ""fr""=>""Plaques ou feuilles en glace [verre flotté et verre douci ou poli sur une ou deux faces], même à couche absorbante, réfléchissante ou non réfléchissante, mais non autrement travaillée""",70,"2020-08-31 07:24:26.558547","2020-08-31 07:24:26.558547",NULL,0,9
12626,NULL,NULL,"7006","7006",NULL,"""en""=>""Sheets or profiles of glass, whether or not having an absorbent, reflecting or non-reflecting layer, bent, edge-worked, engraved, enamelled or otherwise worked, but not framed or fitted with other materials (excl. safety glass, multiple-walled insulating units of glass, glass in the form of a mirror)"", ""fr""=>""Plaques, feuilles ou profilés en verre, même à couche absorbante, réfléchissante ou non réfléchissante, courbé, biseauté, gravé, percé, émaillé ou autrement travaillé mais non encadré ni associé à d'autres matières (sauf verre de sécurité, vitrage isolant à parois multiples et verre sous la forme de miroirs)""",70,"2020-09-17 09:06:10.164221","2020-09-17 09:06:10.164221",NULL,0,9
7908,NULL,NULL,"7007","7007",NULL,"""en""=>""Safety glass, toughened \""tempered\"", laminated safety glass (excl. multiple-walled insulating units of glass, glasses for spectacles and clock or watch glasses)"", ""fr""=>""Verre de sécurité trempé et verre de sécurité feuilleté (à feuilles contrecollées) (autre que le vitrage isolant à parois multiples et autre que le verre de lunetteries et d'horlogerie)""",70,"2020-08-31 07:24:26.558547","2020-08-31 07:24:26.558547",NULL,0,9
12627,NULL,NULL,"7008","7008",NULL,"""en""=>""Multiple-walled insulating units of glass"", ""fr""=>""Vitrages isolants à parois multiples""",70,"2020-09-17 09:06:10.164221","2020-09-17 09:06:10.164221",NULL,0,9
7924,NULL,NULL,"7009","7009",NULL,"""en""=>""Glass mirrors, whether or not framed, incl. rear-view mirrors (excl. optical mirrors, optically worked, mirrors > 100 years old)"", ""fr""=>""Miroirs en verre, même encadrés, y.c. les miroirs rétroviseurs (autre que les miroirs optiques, travaillés optiquement et les miroirs de > 100 ans)""",70,"2020-08-31 07:24:26.558547","2020-08-31 07:24:26.558547",NULL,0,9
7930,"2313","231311","7010","7010 20 00",13,"""en""=>""Stoppers, lids and other closures, of glass"", ""fr""=>""Bouchons, couvercles et autres dispositifs de fermeture en verre""",70,"2020-08-31 07:24:26.558547","2020-08-31 07:24:26.558547",NULL,0,9
7949,NULL,NULL,"7011","7011",NULL,"""en""=>""Glass envelopes, incl. bulbs and tubes, open, and glass parts thereof, without fittings, for electric lamps, cathode ray tubes or the like"", ""fr""=>""Ampoules en verre, ouvertes, et enveloppes tubulaires en verre, ouvertes, et leurs parties en verre, sans garnitures, pour lampes électriques, tubes cathodiques ou simil.""",70,"2020-08-31 07:24:26.558547","2020-08-31 07:24:26.558547",NULL,0,9
7967,"2313","231312","7013","7013 37 10",13,"""en""=>""Drinking glasses of toughened glass (excl. stemware)"", ""fr""=>""Verres à boire en verre trempé (à l'excl. des verres à pied)""",70,"2020-08-31 07:24:26.558547","2020-08-31 07:24:26.558547",NULL,0,9
12331,"2319","231926","7014","7014 00",13,"""en""=>""Signalling glassware and optical elements of glass, not optically worked (excl. clock or watch glasses, glasses for non-corrective or corrective spectacles, incl. hollow glass spheres and their segments, for the manufacture of such glasses, microspheres, loose, lighting fittings and parts thereof)"", ""fr""=>""Verrerie de signalisation et éléments d'optique en verre mais non travaillés optiquement (autres que le verre d'horlogerie et le verre analogue, les verres de lunetterie commune ou médicale, y.c. les sphères (boules) creuses et les segments pour la fabrication de ces verres, les microsphères, en vrac, et sauf les appareils d'éclairage et leurs parties)""",70,"2020-09-17 09:06:10.164221","2020-09-17 09:06:10.164221",NULL,0,NULL
7985,NULL,NULL,"7015","7015",NULL,"""en""=>""Clock or watch glasses and similar glasses, glasses for non-corrective or corrective spectacles, curved, bent, hollowed or the like, but not optically worked, hollow glass spheres and their segments, for the manufacture of such glasses (excl. flat glass for such purposes)"", ""fr""=>""Verres d'horlogerie et verres analogues, verres de lunetterie commune ou médicale, bombés, cintrés, creusés ou simil., mais non travaillés optiquement, sphères (boules) creuses et leurs segments, en verre, pour la fabrication de ces verres (sauf le verre plat destiné aux mêmes usages)""",70,"2020-08-31 07:24:26.558547","2020-08-31 07:24:26.558547",NULL,0,9
7992,"2319","231912","7016","7016 90 40",13,"""en""=>""Blocks and bricks, of a kind used for building or construction purposes"", ""fr""=>""Pavés et briques, pour le bâtiment ou la construction""",70,"2020-08-31 07:24:26.558547","2020-08-31 07:24:26.558547",NULL,0,9
7994,NULL,NULL,"7017","7017",NULL,"""en""=>""Laboratory, hygienic or pharmaceutical glassware, whether or not graduated or calibrated (excl. containers for the conveyance or packing of goods, measuring, checking or medical instruments and apparatus of chapter 90)"", ""fr""=>""Verrerie de laboratoire, d'hygiène ou de pharmacie, même graduée ou jaugée (sauf récipients de transport ou d'emballage et sauf instruments, appareils et matériels de mesure ou de contrôle, et instruments, appareils et matériel médicaux du chapitre 90)""",70,"2020-08-31 07:24:26.558547","2020-08-31 07:24:26.558547",NULL,0,9
8006,"2319","231926","7018","7018 20 00",13,"""en""=>""Glass microspheres <= 1 mm in diameter"", ""fr""=>""Microsphères de verre d'un diamètre <= 1 mm""",70,"2020-08-31 07:24:26.558547","2020-08-31 07:24:26.558547",NULL,0,9
8010,NULL,NULL,"7019","7019",NULL,"""en""=>""Glass fibres, incl. glass wool, and articles thereof (excl. mineral wools and articles thereof, optical fibres, fibre bundles or cable, electrical insulators or parts thereof, brushes of glass fibres, dolls' wigs)"", ""fr""=>""Fibres de verre, y.c. la laine de verre, et ouvrages en ces matières (à l'excl. des laines minérales et ouvrages en ces laines, des fibres optiques, faisceaux ou câbles de fibres, isolateurs et pièces isolantes électriques, brosses et pinceaux en fibres de verre et sauf perruques de poupées)""",70,"2020-08-31 07:24:26.558547","2020-08-31 07:24:26.558547",NULL,0,9
8026,"2313","231314","7020","7020 00 07",13,"""en""=>""Unfinished glass inners, for vacuum flasks or for other vacuum vessels, unfinished"", ""fr""=>""Ampoules en verre pour bouteilles isolantes ou pour autres récipients isothermiques, dont l'isolation est assurée par le vide, non finies""",70,"2020-08-31 07:24:26.558547","2020-08-31 07:24:26.558547",NULL,0,9
8031,NULL,NULL,"7101","7101",NULL,"""en""=>""Pearls, natural or cultured, whether or not worked or graded, but not strung, mounted or set, pearls, natural or cultured, temporarily strung for convenience of transport (excl. imitations of natural pearls and mother-of-pearl)"", ""fr""=>""Perles fines ou de culture, même travaillées ou assorties mais non enfilées, ni montées, ni serties; perles fines ou de culture, enfilées temporairement pour la facilité du transport (à l'excl. des imitations de perles fines et des perles-mères de nacre)""",71,"2020-08-31 07:24:26.558547","2020-08-31 07:24:26.558547",NULL,0,1
8035,NULL,NULL,"7102","7102",NULL,"""en""=>""Diamonds, whether or not worked, but not mounted or set (excl. unmounted stones for pick-up styluses, worked stones, suitable for use as parts of meters, measuring instruments or other articles of chapter 90)"", ""fr""=>""Diamants même travaillés, mais non montés ni sertis (à l'excl. des diamants non montés pour têtes de lecture et des diamants travaillés reconnaissables comme parties des instruments et appareils de calcul, de mesure, ou de contrôle et autres instruments et appareils analogues du chapitre 90)""",71,"2020-08-31 07:24:26.558547","2020-08-31 07:24:26.558547",NULL,0,2
8041,NULL,NULL,"7103","7103",NULL,"""en""=>""Precious stones and semi-precious stones, whether or not worked or graded, but not strung, mounted or set, ungraded precious stones and semi-precious stones, temporarily strung for convenience of transport (excl. diamonds and imitation precious stones and semi-precious stones)"", ""fr""=>""Pierres gemmes (précieuses ou fines), même travaillées ou assorties mais non enfilées, ni montées, ni serties; pierres gemmes (précieuses ou fines), enfilées temporairement pour la facilité du transport (autres que les diamants et les imitations de pierres gemmes précieuses ou fines)""",71,"2020-08-31 07:24:26.558547","2020-08-31 07:24:26.558547",NULL,0,15
8046,"2013","201368","7104","7104 10 00",14,"""en""=>""Quartz, piezoelectric, of synthetic or reconstructed stone whether or not worked or graded, but not mounted or set"", ""fr""=>""Quartz piézo-électrique en pierres synthétiques ou reconstituées, même travaillé ou assorti, mais ni monté, ni serti""",71,"2020-08-31 07:24:26.558547","2020-08-31 07:24:26.558547",NULL,0,7
8053,NULL,NULL,"7105","7105",NULL,"""en""=>""Dust and powder of natural or synthetic precious or semi-precious stones"", ""fr""=>""Égrisés et poudres de pierres gemmes ou de pierres synthétiques""",71,"2020-08-31 07:24:26.558547","2020-08-31 07:24:26.558547",NULL,0,15
8056,NULL,NULL,"7106","7106",NULL,"""en""=>""Silver, incl. silver plated with gold or platinum, unwrought or in semi-manufactured forms, or in powder form"", ""fr""=>""Argent, y.c. l'argent doré ou vermeil et l'argent platiné, sous formes brutes ou mi-ouvrées, ou en poudre""",71,"2020-08-31 07:24:26.558547","2020-08-31 07:24:26.558547",NULL,0,10
12332,"2441","244150","7107","7107 00",14,"""en""=>""Base metals clad with silver, not further worked than semi-manufactured"", ""fr""=>""Plaqué ou doublé d'argent sur métaux communs, sous formes brutes ou mi-ouvrées""",71,"2020-09-17 09:06:10.164221","2020-09-17 09:06:10.164221",NULL,0,NULL
8061,NULL,NULL,"7108","7108",NULL,"""en""=>""Gold, incl. gold plated with platinum, unwrought or not further worked than semi-manufactured or in powder form"", ""fr""=>""Or, y.c. l'or platiné, sous formes brutes ou mi-ouvrées, ou en poudre""",71,"2020-08-31 07:24:26.558547","2020-08-31 07:24:26.558547",NULL,0,10
12333,"2441","244140","7109","7109 00",14,"""en""=>""Base metals or silver, clad with gold, not further worked than semi-manufactured"", ""fr""=>""Plaqué ou doublé d'or sur métaux communs ou sur argent, sous formes brutes ou mi-ouvrées""",71,"2020-09-17 09:06:10.164221","2020-09-17 09:06:10.164221",NULL,0,NULL
8069,NULL,NULL,"7110","7110",NULL,"""en""=>""Platinum, incl. palladium, rhodium, iridium, osmium and ruthenium, unwrought or in semi-manufactured forms, or in powder form"", ""fr""=>""Platine, y.c. palladium, rhodium, iridium, osmium et ruthénium, sous formes brutes ou mi-ouvrées, ou en poudre""",71,"2020-08-31 07:24:26.558547","2020-08-31 07:24:26.558547",NULL,0,10
12334,"2441","244150","7111","7111 00",14,"""en""=>""Base metals, silver or gold, clad with platinum, not further worked than semi-manufactured"", ""fr""=>""Plaqué ou doublé de platine sur métaux communs, sur argent ou sur or, sous formes brutes ou mi-ouvrées""",71,"2020-09-17 09:06:10.164221","2020-09-17 09:06:10.164221",NULL,0,NULL
8081,NULL,NULL,"7112","7112",NULL,"""en""=>""Waste and scrap of precious metal or of metal clad with precious metal; other waste and scrap containing precious metal or precious-metal compounds, of a kind used principally for the recovery of precious metal (excl. waste and scrap melted down into unworked blocks, ingots, or similar forms)"", ""fr""=>""Déchets et débris de métaux précieux ou de plaqué ou doublé de métaux précieux; autres déchets et débris contenant des métaux précieux ou des composés des métaux précieux du type de ceux utilisés principalement pour la récupération des métaux précieux (sauf déchets et débris de métaux précieux incorporés et coulés en lingots bruts, gueuses ou autres formes simil.)""",71,"2020-08-31 07:24:26.558547","2020-08-31 07:24:26.558547",NULL,0,17
8086,NULL,NULL,"7113","7113",NULL,"""en""=>""Articles of jewellery and parts thereof, of precious metal or of metal clad with precious metal (excl. articles > 100 years old)"", ""fr""=>""Articles de bijouterie ou de joaillerie et leurs parties, en métaux précieux ou en plaqués ou doublés de métaux précieux (sauf > 100 ans)""",71,"2020-08-31 07:24:26.558547","2020-08-31 07:24:26.558547",NULL,0,15
8090,NULL,NULL,"7114","7114",NULL,"""en""=>""Articles of goldsmiths' or silversmiths' wares and parts thereof, of precious metal or of metal clad with precious metal (excl. jewellery, clocks, watches and parts thereof, musical instruments, arms, perfume atomizers and their atomizing heads, original sculptures, collectors' pieces and antiques)"", ""fr""=>""Articles d'orfèvrerie et leurs parties, en métaux précieux ou en plaqués ou doublés de métaux précieux (à l'excl. des armes, des instruments de musique, des objets de collection, des objets d'antiquité, des articles de bijouterie ou d'horlogerie, des vaporisateurs de toilette et leurs montures et têtes de montures ainsi que des productions originales de l'art statuaire ou de la sculpture)""",71,"2020-08-31 07:24:26.558547","2020-08-31 07:24:26.558547",NULL,0,15
8094,NULL,NULL,"7115","7115",NULL,"""en""=>""Articles of precious metal or of metal clad with precious metal, n.e.s."", ""fr""=>""Ouvrages en métaux précieux ou en plaqués ou doublés de métaux précieux, n.d.a.""",71,"2020-08-31 07:24:26.558547","2020-08-31 07:24:26.558547",NULL,0,10
8097,NULL,NULL,"7116","7116",NULL,"""en""=>""Articles of natural or cultured pearls, precious or semi-precious stones \""natural, synthetic or reconstructed\"", n.e.s."", ""fr""=>""Ouvrages en perles fines ou de culture, en pierres gemmes ou en pierres synthétiques ou reconstituées, n.d.a.""",71,"2020-08-31 07:24:26.558547","2020-08-31 07:24:26.558547",NULL,0,15
8102,NULL,NULL,"7117","7117",NULL,"""en""=>""Imitation jewellery"", ""fr""=>""Bijouterie de fantaisie""",71,"2020-08-31 07:24:26.558547","2020-08-31 07:24:26.558547",NULL,0,15
8106,NULL,NULL,"7118","7118",NULL,"""en""=>""Coin, incl. legal tender (excl. medals, jewellery made from coins, collectors' items of numismatic value, waste and scrap)"", ""fr""=>""Monnaies, y.c. celles ayant cours légal (à l'excl. des médailles, des déchets et débris de monnaies, des objets de parure réalisés à partir de monnaies ainsi que des spécimens pour collections présentant un intérêt numismatique)""",71,"2020-08-31 07:24:26.558547","2020-08-31 07:24:26.558547",NULL,0,15
8109,NULL,NULL,"7201","7201",NULL,"""en""=>""Pig iron and spiegeleisen, in pigs, blocks or other primary forms"", ""fr""=>""Fontes brutes et fontes spiegel en gueuses, saumons ou autres formes primaires""",72,"2020-08-31 07:24:26.558547","2020-08-31 07:24:26.558547",NULL,0,10
8128,"2410","241012","7202","7202 30 00",15,"""en""=>""Ferro-silico-manganese"", ""fr""=>""Ferrosilicomanganèse""",72,"2020-08-31 07:24:26.558547","2020-08-31 07:24:26.558547",NULL,0,10
8147,NULL,NULL,"7203","7203",NULL,"""en""=>""Ferrous products obtained by direct reduction of iron ore and other spongy ferrous products, in lumps, pellets or similar forms; iron having a minimum purity by weight of 99,94%, in lumps, pellets or similar forms"", ""fr""=>""Produits ferreux obtenus par réduction directe des minerais de fer et autres produits ferreux spongieux, en morceaux, boulettes ou formes simil.; fer d'une pureté en poids >= 99,94%, en morceaux, boulettes ou formes simil.""",72,"2020-08-31 07:24:26.558547","2020-08-31 07:24:26.558547",NULL,0,10
8150,NULL,NULL,"7204","7204",NULL,"""en""=>""Ferrous waste and scrap; remelting scrap ingots of iron or steel (excl. slag, scale and other waste from the production of iron or steel; radioactive waste and scrap; fragments of pigs, blocks or other primary forms of pig iron or spiegeleisen)"", ""fr""=>""Déchets et débris de fonte, de fer ou d'acier [ferrailles]; déchets lingotés en fer ou en acier (à l'excl. des déchets et débris radioactifs, des scories, laitiers, battitures et autres déchets de la fabrication du fer ou de l'acier ainsi que des morceaux provenant du bris de gueuses, saumons ou autres formes primaires de fontes brutes ou de fonte spiegel)""",72,"2020-08-31 07:24:26.558547","2020-08-31 07:24:26.558547",NULL,0,17
8166,NULL,NULL,"7205","7205",NULL,"""en""=>""Granules and powders of pig iron, spiegeleisen, iron or steel (excl. granules and powders of ferro-alloys, turnings and filings of iron or steel, radioactive iron powders \""isotopes\"" and certain low-calibre, substandard balls for ballbearings)"", ""fr""=>""Grenailles et poudres de fonte brute, de fonte spiegel, de fer ou d'acier (à l'excl. des poudres de fer radioactives [isotopes], des grenailles et poudres de ferro-alliages, des tournures et limailles de fer ou d'acier ainsi que de certaines billes de roulement défectueuses de petits calibres)""",72,"2020-08-31 07:24:26.558547","2020-08-31 07:24:26.558547",NULL,0,10
8170,NULL,NULL,"7206","7206",NULL,"""en""=>""Iron and non-alloy steel in ingots or other primary forms (excl. remelting scrap ingots, products obtained by continuous casting and iron of heading 7203)"", ""fr""=>""Fer et aciers non alliés en lingots ou autres formes primaires (à l'excl. des déchets lingotés, des produits obtenus par coulée continue ainsi que du fer du n° 7203)""",72,"2020-08-31 07:24:26.558547","2020-08-31 07:24:26.558547",NULL,0,10
8175,"2410","241021","7207","7207 11 11",15,"""en""=>""Semi-finished products, of non-alloy free-cutting steel, containing by weight < 0,25% carbon, of square or rectangular cross-section, the width < twice the thickness, rolled or obtained by continuous casting"", ""fr""=>""Demi-produits en aciers non alliés de décolletage, teneur en poids en carbone < 0,25%, section transversale carrée ou rectangulaire, largeur < 2 fois l'épaisseur, laminés à chaud ou obtenus par coulée continue""",72,"2020-08-31 07:24:26.558547","2020-08-31 07:24:26.558547",NULL,0,10
8196,NULL,NULL,"7208","7208",NULL,"""en""=>""Flat-rolled products of iron or non-alloy steel, of a width >= 600 mm, hot-rolled, not clad, plated or coated"", ""fr""=>""Produits laminés plats, en fer ou en aciers non alliés, d'une largeur >= 600 mm, laminés à chaud, non plaqués ni revêtus""",72,"2020-08-31 07:24:26.558547","2020-08-31 07:24:26.558547",NULL,0,10
8233,"2410","241041","7209","7209 25 00",15,"""en""=>""Flat-rolled products of iron or non-alloy steel, of a width of >= 600 mm, not in coils, simply cold-rolled \""cold-reduced\"", not clad, plated or coated, of a thickness of >= 3 mm"", ""fr""=>""Produits laminés plats, en fer ou en aciers non alliés, d'une largeur >= 600 mm, non enroulés, simpl. laminés à froid, non plaqués ni revêtus, épaisseur >= 3 mm""",72,"2020-08-31 07:24:26.558547","2020-08-31 07:24:26.558547",NULL,0,10
8246,NULL,NULL,"7210","7210",NULL,"""en""=>""Flat-rolled products of iron or non-alloy steel, of a width >= 600 mm, hot-rolled or cold-rolled \""cold-reduced\"", clad, plated or coated"", ""fr""=>""Produits laminés plats, en fer ou en aciers non alliés, d'une largeur >= 600 mm, plaqués ou revêtus, laminés à chaud ou à froid""",72,"2020-08-31 07:24:26.558547","2020-08-31 07:24:26.558547",NULL,0,10
8265,NULL,NULL,"7211","7211",NULL,"""en""=>""Flat-rolled products of iron or non-alloy steel, of a width of < 600 mm, hot-rolled or cold-rolled \""cold-reduced\"", not clad, plated or coated"", ""fr""=>""Produits laminés plats, en fer ou en aciers non alliés, d'une largeur < 600 mm, laminés à chaud ou à froid, non plaqués ni revêtus""",72,"2020-08-31 07:24:26.558547","2020-08-31 07:24:26.558547",NULL,0,10
8277,NULL,NULL,"7212","7212",NULL,"""en""=>""Flat-rolled products of iron or non-alloy steel, of a width of < 600 mm, hot-rolled or cold-rolled \""cold-reduced\"", clad, plated or coated"", ""fr""=>""Produits laminés plats, en fer ou en aciers non alliés, d'une largeur < 600 mm, laminés à chaud ou à froid, plaqués ou revêtus""",72,"2020-08-31 07:24:26.558547","2020-08-31 07:24:26.558547",NULL,0,10
8294,NULL,NULL,"7213","7213",NULL,"""en""=>""Bars and rods of iron or non-alloy steel, hot-rolled, in irregularly wound coils"", ""fr""=>""Fil machine, en fer ou en aciers non alliés, enroulé en spires non rangées 'en couronnes'""",72,"2020-08-31 07:24:26.558547","2020-08-31 07:24:26.558547",NULL,0,10
8308,"2410","241062","7214","7214 10 00",15,"""en""=>""Bars and rods, of iron or non-alloy steel, not further worked than forged (excl. in irregularly wound coils)"", ""fr""=>""Barres, en fer ou en aciers non alliés, simpl. forgées""",72,"2020-08-31 07:24:26.558547","2020-08-31 07:24:26.558547",NULL,0,10
8322,NULL,NULL,"7215","7215",NULL,"""en""=>""Bars and rods, of iron or non-alloy steel, cold-formed or cold-finished, whether or not further worked, or hot-formed and further worked, n.e.s."", ""fr""=>""Barres en fer ou en aciers non alliés, obtenues ou parachevées à froid, même ayant subi certaines ouvraisons plus poussées, ou obtenues à chaud et ayant subi certaines ouvraisons plus poussées, n.d.a.""",72,"2020-08-31 07:24:26.558547","2020-08-31 07:24:26.558547",NULL,0,10
8339,"2410","241071","7216","7216 32 91",15,"""en""=>""I sections with parallel flange faces, of iron or non-alloy steel, simply hot-rolled, hot-drawn or extruded, of a height > 220 mm"", ""fr""=>""Profilés en I, en fer ou en aciers non alliés, à ailes à faces parallèles, simpl. laminés ou filés à chaud, d'une hauteur >= 220 mm""",72,"2020-08-31 07:24:26.558547","2020-08-31 07:24:26.558547",NULL,0,10
8359,NULL,NULL,"7217","7217",NULL,"""en""=>""Wire of iron or non-alloy steel, in coils (excl. bars and rods)"", ""fr""=>""Fils, en fer ou en aciers non alliés, enroulés (à l'excl. du fil machine)""",72,"2020-08-31 07:24:26.558547","2020-08-31 07:24:26.558547",NULL,0,10
8380,NULL,NULL,"7218","7218",NULL,"""en""=>""Stainless steel in ingots or other primary forms (excl. remelting scrap ingots and products obtained by continuous casting); semi-finished products of stainless steel"", ""fr""=>""Aciers inoxydables en lingots ou autres formes primaires (à l'excl. des déchets lingotés et des produits obtenus par coulée continue); demi-produits en aciers inoxydables""",72,"2020-08-31 07:24:26.558547","2020-08-31 07:24:26.558547",NULL,0,10
8390,NULL,NULL,"7219","7219",NULL,"""en""=>""Flat-rolled products of stainless steel, of a width of >= 600 mm, hot-rolled or cold-rolled \""cold-reduced\"""", ""fr""=>""Produits laminés plats, en aciers inoxydables, d'une largeur >= 600 mm, laminés à chaud ou à froid""",72,"2020-08-31 07:24:26.558547","2020-08-31 07:24:26.558547",NULL,0,10
8429,"2432","243210","7220","7220 20 21",15,"""en""=>""Flat-rolled products of stainless steel, of a width of < 600 mm, not further worked than cold-rolled \""cold-reduced\"", of a thickness of >= 3 mm and containing by weight >= 2,5% nickel"", ""fr""=>""Produits laminés plats en aciers inoxydables, d'une largeur < 600 mm, simpl. laminés à froid, épaisseur >= 3 mm, teneur en poids en nickel >= 2,5%""",72,"2020-08-31 07:24:26.558547","2020-08-31 07:24:26.558547",NULL,0,10
12629,NULL,NULL,"7221","7221",NULL,"""en""=>""Bars and rods of stainless steel, hot-rolled, in irregularly wound coils"", ""fr""=>""Fil machine en aciers inoxydables, enroulé en spires non rangées 'en couronnes'""",72,"2020-09-17 09:06:10.164221","2020-09-17 09:06:10.164221",NULL,0,10
8441,NULL,NULL,"7222","7222",NULL,"""en""=>""Other bars and rods of stainless steel; angles, shapes and sections of stainless steel, n.e.s."", ""fr""=>""Barres et profilés en aciers inoxydables, n.d.a.""",72,"2020-08-31 07:24:26.558547","2020-08-31 07:24:26.558547",NULL,0,10
12630,NULL,NULL,"7223","7223",NULL,"""en""=>""Wire of stainless steel, in coils (excl. bars and rods)"", ""fr""=>""Fils en aciers inoxydables, en couronnes ou rouleaux (autres que fil machine)""",72,"2020-09-17 09:06:10.164221","2020-09-17 09:06:10.164221",NULL,0,10
8474,"2410","241023","7224","7224 10 10",15,"""en""=>""Ingots and other primary forms, of tool steel"", ""fr""=>""Lingots et autres formes primaires, en aciers pour outillage""",72,"2020-08-31 07:24:26.558547","2020-08-31 07:24:26.558547",NULL,0,10
8487,"2410","241053","7225","7225 11 00",15,"""en""=>""Flat-rolled products of silicon-electrical steel, of a width of >= 600 mm, grain-oriented"", ""fr""=>""Produits laminés plats en aciers au silicium dits 'magnétiques', largeur >= 600 mm, à grains orientés""",72,"2020-08-31 07:24:26.558547","2020-08-31 07:24:26.558547",NULL,0,10
8507,NULL,NULL,"7226","7226",NULL,"""en""=>""Flat-rolled products of alloy steel other than stainless, of a width of < 600 mm, hot-rolled or cold-rolled \""cold-reduced\"""", ""fr""=>""Produits laminés plats en aciers alliés autres qu'aciers inoxydables, d'une largeur inférieure à 600 mm, laminés à chaud ou à froid""",72,"2020-08-31 07:24:26.558547","2020-08-31 07:24:26.558547",NULL,0,10
8522,NULL,NULL,"7227","7227",NULL,"""en""=>""Bars and rods of alloy steel other than stainless, hot-rolled, in irregularly wound coils"", ""fr""=>""Fil machine en aciers alliés autres qu'aciers inoxydables, enroulé irrégulièrement en couronne""",72,"2020-08-31 07:24:26.558547","2020-08-31 07:24:26.558547",NULL,0,10
8550,"2431","243120","7228","7228 50 20",15,"""en""=>""Bars and rods of tool steel, only cold-formed or cold-finished (excl. semi-finished products, flat-rolled products and hot-rolled bars and rods in irregularly wound coils)"", ""fr""=>""Barres en aciers pour outillage, simpl. obtenues ou parachevées à froid""",72,"2020-08-31 07:24:26.558547","2020-08-31 07:24:26.558547",NULL,0,10
8565,"2434","243413","7229","7229 90 20",15,"""en""=>""Wire of high-speed steel, in coils (excl. bars and rods)"", ""fr""=>""Fils en aciers à coupe rapide, en couronnes ou en rouleaux (sauf fil machine)""",72,"2020-08-31 07:24:26.558547","2020-08-31 07:24:26.558547",NULL,0,10
8568,NULL,NULL,"7301","7301",NULL,"""en""=>""Sheet piling of iron or steel, whether or not drilled, punched or made from assembled elements; welded angles, shapes and sections, of iron or steel"", ""fr""=>""Palplanches en fer ou en acier, même percées ou faites d'éléments assemblés; profilés obtenus par soudage, en fer ou en acier""",73,"2020-08-31 07:24:26.558547","2020-08-31 07:24:26.558547",NULL,0,10
8571,NULL,NULL,"7302","7302",NULL,"""en""=>""Railway or tramway track construction material of iron or steel, the following : rails, check-rails and rack rails, switch blades, crossing frogs, point rods and other crossing pieces, sleepers \""cross-ties\"", fish-plates, chairs, chair wedges, sole plates \""base plates\"", rail clips, bedplates, ties and other material specialised for jointing or fixing rails"", ""fr""=>""Éléments de voies ferrées, en fonte, fer ou acier tels que rails, contre-rails et crémaillères, aiguilles, pointes de coeur, tringles d'aiguillage et autres éléments de croisement ou changement de voies, traverses, éclisses, coussinets, coins, selles d'assise, plaques de serrage, plaques et barres d'écartement et autres pièces spécialement conçues pour la pose, le jointement ou la fixation des rails""",73,"2020-08-31 07:24:26.558547","2020-08-31 07:24:26.558547",NULL,0,10
12631,NULL,NULL,"7303","7303",NULL,"""en""=>""Tubes, pipes and hollow profiles, of cast iron"", ""fr""=>""Tubes, tuyaux et profilés creux, en fonte""",73,"2020-09-17 09:06:10.164221","2020-09-17 09:06:10.164221",NULL,0,10
8604,"2420","242013","7304","7304 39 58",15,"""en""=>""Threaded or threadable tubes \""gas pipe\"", seamless, of iron or non-alloy steel (excl. cast iron products and products plated or coated with zinc)"", ""fr""=>""Tubes filetés ou filetables dits 'tubes gaz', sans soudure, en fer (à l'excl. de la fonte) ou en aciers non alliés (sauf zingués)""",73,"2020-08-31 07:24:26.558547","2020-08-31 07:24:26.558547",NULL,0,10
8627,NULL,NULL,"7305","7305",NULL,"""en""=>""Tubes and pipes, having circular cross-sections and an external diameter of > 406,4 mm, of flat-rolled products of iron or steel \""e.g., welded, riveted or similarly closed\"""", ""fr""=>""Tubes et tuyaux de section circulaire, d'un diamètre extérieur > 406,4 mm, en produits laminés plats, en fer ou en acier [soudés ou rivés, p.ex.]""",73,"2020-08-31 07:24:26.558547","2020-08-31 07:24:26.558547",NULL,0,10
8638,"2420","242031","7306","7306 11 90",15,"""en""=>""Line pipe of a kind used for oil or gas pipelines, spirally welded, of flat-rolled products of stainless steel, of an external diameter of <= 406,4 mm"", ""fr""=>""Tubes et tuyaux des types utilisés pour oléoducs ou gazoducs, soudés hélicoïdalement, en produits laminés plats en aciers inoxydables, d'un diamètre extérieur <= 406,4 mm""",73,"2020-08-31 07:24:26.558547","2020-08-31 07:24:26.558547",NULL,0,10
8671,"2451","245130","7307","7307 19 10",15,"""en""=>""Tube or pipe fittings of cast iron (excl. of non-malleable)"", ""fr""=>""Accessoires de tuyauterie en fonte (sauf fonte non malléable)""",73,"2020-08-31 07:24:26.558547","2020-08-31 07:24:26.558547",NULL,0,10
8695,NULL,NULL,"7308","7308",NULL,"""en""=>""Structures and parts of structures \""e.g., bridges and bridge-sections, lock-gates, towers, lattice masts, roofs, roofing frameworks, doors and windows and their frames and thresholds for doors, shutters, balustrades, pillars and columns\"", of iron or steel; plates, rods, angles, shapes, sections, tubes and the like, prepared for use in structures, of iron or steel (excl. prefabricated buildings of heading 9406)"", ""fr""=>""Constructions et parties de constructions (ponts et éléments de ponts, portes d'écluses, tours, pylônes, piliers, colonnes, charpentes, toitures, portes et fenêtres et leurs cadres, chambranles et seuils, rideaux de fermeture, balustrades, par exemple), en fonte, fer ou acier (sauf constructions préfabriquées en fer ou en acier du n° 9406) ; tôles, barres, profilés, tubes et simil., en fonte, fer ou acier, préparés en vue de leur utilisation dans la construction""",73,"2020-08-31 07:24:26.558547","2020-08-31 07:24:26.558547",NULL,0,10
12632,NULL,NULL,"7309","7309",NULL,"""en""=>""Reservoirs, tanks, vats and similar containers, of iron or steel, for any material \""other than compressed or liquefied gas\"", of a capacity of > 300 l, not fitted with mechanical or thermal equipment, whether or not lined or heat-insulated (excl. containers specifically constructed or equipped for one or more types of transport)"", ""fr""=>""Réservoirs, foudres, cuves et récipients simil. en fonte, fer ou acier, pour toutes matières (à l'excl. des gaz comprimés ou liquéfiés), d'une contenance > 300 l, sans dispositifs mécaniques ou thermiques, même avec revêtement intérieur ou calorifuge (autres que les caisses à marchandises du type 'conteneurs' spécialement conçues ou équipées pour un ou plusieurs moyens de transport)""",73,"2020-09-17 09:06:10.164221","2020-09-17 09:06:10.164221",NULL,0,10
8710,NULL,NULL,"7310","7310",NULL,"""en""=>""Tanks, casks, drums, cans, boxes and similar containers, of iron or steel, for any material \""other than compressed or liquefied gas\"", of a capacity of <= 300 l, not fitted with mechanical or thermal equipment, whether or not lined or heat-insulated, n.e.s."", ""fr""=>""Réservoirs, fûts, tambours, bidons, boîtes et récipients simil. en fonte, fer ou acier, pour toutes matières (à l'excl. des gaz comprimés ou liquéfiés), d'une contenance <= 300 l, sans dispositifs mécaniques ou thermiques, même avec revêtement intérieur ou calorifuge, n.d.a.""",73,"2020-08-31 07:24:26.558547","2020-08-31 07:24:26.558547",NULL,0,10
12633,NULL,NULL,"7311","7311",NULL,"""en""=>""Containers of iron or steel, for compressed or liquefied gas (excl. containers specifically constructed or equipped for one or more types of transport)"", ""fr""=>""Récipients en fonte, fer ou acier, pour gaz comprimés ou liquéfiés (autres que conteneurs spécialement conçus ou équipés pour un ou plusieurs moyens de transport)""",73,"2020-09-17 09:06:10.164221","2020-09-17 09:06:10.164221",NULL,0,10
8727,NULL,NULL,"7312","7312",NULL,"""en""=>""Stranded wire, ropes, cables, plaited bands, slings and the like, of iron or steel (excl. electrically insulated products and twisted fencing wire and barbed wire)"", ""fr""=>""Torons, câbles, tresses, élingues et articles simil., en fer ou en acier (sauf produits isolés pour l'électricité et sauf fil barbelé pour clôtures et ronces artificielles)""",73,"2020-08-31 07:24:26.558547","2020-08-31 07:24:26.558547",NULL,0,10
12335,"2593","259312","7313","7313 00",15,"""en""=>""Barbed wire of iron or steel; twisted hoop or single flat wire, barbed or not, and loosely twisted double wire, of a kind used for fencing, of iron or steel"", ""fr""=>""Ronces artificielles en fer ou en acier; torsades, barbelées ou non, en fils ou en feuillard de fer ou d'acier, des types utilisés pour les clôtures""",73,"2020-09-17 09:06:10.164221","2020-09-17 09:06:10.164221",NULL,0,NULL
8742,NULL,NULL,"7314","7314",NULL,"""en""=>""Cloth, incl. endless bands, grill, netting and fencing, of iron or steel wire, expanded metal of iron or steel (excl. woven products of metal fibres of a kind used for cladding, lining or similar purposes)"", ""fr""=>""Toiles métalliques (y.c. les toiles continues ou sans fin), grillages et treillis, en fils de fer ou d'acier; tôles et bandes déployées, en fer ou en acier (à l'excl. des toiles en fils métalliques des types utilisés pour revêtements, aménagements intérieurs et usages simil.)""",73,"2020-08-31 07:24:26.558547","2020-08-31 07:24:26.558547",NULL,0,10
8755,NULL,NULL,"7315","7315",NULL,"""en""=>""Chain and parts thereof, or iron or steel (excl. watch chains, necklace chains and the like, cutting and saw chain, skid chain, scraper chain for conveyors, toothed chain for textile machinery and the like, safety devices with chains for securing doors, measuring chains)"", ""fr""=>""Chaînes, chaînettes et leurs parties, en fonte, fer ou acier (sauf chaînes de montres et horloges, chaînes et chaînettes de bijouterie, etc., chaînes dentées et chaînes à scie, chenilles, chaînes à entraînement pour transporteurs, chaînes à pinces pour matériel de l'industrie textile, etc., chaînes de dispositifs de sécurité pour verrouiller les portes et sauf chaînes d'arpenteur)""",73,"2020-08-31 07:24:26.558547","2020-08-31 07:24:26.558547",NULL,0,10
12336,"2599","259929","7316","7316 00",15,"""en""=>""Anchors, grapnels and parts thereof, of iron or steel"", ""fr""=>""Ancres, grappins et leurs parties, en fonte, fer ou acier""",73,"2020-09-17 09:06:10.164221","2020-09-17 09:06:10.164221",NULL,0,NULL
12634,NULL,NULL,"7317","7317",NULL,"""en""=>""Nails, tacks, drawing pins, corrugated nails, staples and similar articles of iron or steel, whether or not with heads of other material (excl. such articles with heads of copper and staples in strips)"", ""fr""=>""Pointes, clous, punaises, crampons appointés, agrafes ondulées ou biseautées et articles simil., en fonte, fer ou acier, même avec tête en autre matière (à l'excl. de ceux avec tête en cuivre et à l'excl. des agrafes en barrettes)""",73,"2020-09-17 09:06:10.164221","2020-09-17 09:06:10.164221",NULL,0,10
8795,"2594","259411","7318","7318 16 31",15,"""en""=>""Blind rivet nuts of stainless steel"", ""fr""=>""Écrous à sertir, en acier inoxydable""",73,"2020-08-31 07:24:26.558547","2020-08-31 07:24:26.558547",NULL,0,10
8808,"2593","259318","7319","7319 40 00",15,"""en""=>""Safety pins and other pins of iron or steel, n.e.s."", ""fr""=>""Épingles de sûreté et autres épingles, en fer ou en acier, n.d.a.""",73,"2020-08-31 07:24:26.558547","2020-08-31 07:24:26.558547",NULL,0,10
8823,"2593","259316","7320","7320 90 10",15,"""en""=>""Flat spiral springs, of iron or steel"", ""fr""=>""Ressorts spiraux plats en fer ou en acier (sauf ressorts en hélice et ressorts de montres)""",73,"2020-08-31 07:24:26.558547","2020-08-31 07:24:26.558547",NULL,0,10
8826,NULL,NULL,"7321","7321",NULL,"""en""=>""Stoves, ranges, grates, cookers, incl. those with subsidiary boilers for central heating, barbecues, braziers, gas rings, plate warmers and similar non-electric domestic appliances, and parts thereof of iron or steel (excl. boilers and radiators for central heating, geysers and hot water cylinders)"", ""fr""=>""Poêles, chaudières à foyer, cuisinières (y.c. ceux pouvant être utilisés accessoirement pour le chauffage central), barbecues, braseros, réchauds à gaz, chauffe-plats et appareils non électriques simil., à usage domestique, ainsi que leurs parties, en fonte, fer ou acier (sauf chaudières et radiateurs de chauffage central, chauffe-eau instantanés, chauffe-eau à accumulation et appareils destinés à la cuisine à grande échelle)""",73,"2020-08-31 07:24:26.558547","2020-08-31 07:24:26.558547",NULL,0,12
8837,"2521","252111","7322","7322 11 00",15,"""en""=>""Radiators for central heating, non-electrically heated, and parts thereof, of iron or steel (excl. parts, elsewhere specified or included, and central-heating boilers)"", ""fr""=>""Radiateurs pour le chauffage central, à chauffage non électrique et leurs parties, en fonte (à l'excl. des parties désignées ou comprises en d'autres endroits et sauf les chaudières de chauffage central)""",73,"2020-08-31 07:24:26.558547","2020-08-31 07:24:26.558547",NULL,0,10
8840,NULL,NULL,"7323","7323",NULL,"""en""=>""Table, kitchen or other household articles, and parts thereof, of iron or steel; iron or steel wool; pot scourers and scouring or polishing pads, gloves and the like, of iron or steel (excl. cans, boxes and similar containers of heading 7310; waste baskets; shovels, corkscrews and other articles of the nature of a work implement; articles of cutlery, spoons, ladles, forks etc. of heading 8211 to 8215; ornamental articles; sanitary ware)"", ""fr""=>""Articles de ménage ou d'économie domestique et leurs parties, en fonte, fer ou acier; paille de fer ou d'acier; éponges, torchons, gants et articles simil. pour le récurage, le polissage ou usages analogues, en fer ou acier (sauf bidons, boîtes et récipients simil. du n° 7310; poubelles; pelles, tire-bouchons et autres articles ayant le caractère d'outils; coutellerie et cuillers, louches, fourchettes, écumoires, pelles à tartes, pinces à sucre et articles simil. du n° 8211 au n° 8215; objets décoratifs; articles d'hygiène ou de toilette)""",73,"2020-08-31 07:24:26.558547","2020-08-31 07:24:26.558547",NULL,0,10
8848,"2599","259911","7324","7324 10 00",15,"""en""=>""Sinks and washbasins, of stainless steel"", ""fr""=>""Éviers et lavabos en aciers inoxydables""",73,"2020-08-31 07:24:26.558547","2020-08-31 07:24:26.558547",NULL,0,10
8852,NULL,NULL,"7325","7325",NULL,"""en""=>""Articles of iron or steel, cast, n.e.s."", ""fr""=>""Ouvrages en fonte, fer ou acier, moulés, n.d.a.""",73,"2020-08-31 07:24:26.558547","2020-08-31 07:24:26.558547",NULL,0,10
8871,"2599","259929","7326","7326 90 96",15,"""en""=>""Sintered articles of iron or steel, n.e.s."", ""fr""=>""Ouvrages en fer ou en acier, frittés, n.d.a.""",73,"2020-08-31 07:24:26.558547","2020-08-31 07:24:26.558547",NULL,0,10
12337,"2444","244411","7401","7401 00",15,"""en""=>""Copper mattes; cement copper \""precipitated copper\"""", ""fr""=>""Mattes de cuivre; cuivre de cément (précipité de cuivre)""",74,"2020-09-17 09:06:10.164221","2020-09-17 09:06:10.164221",NULL,0,NULL
12338,"2444","244412","7402","7402 00",15,"""en""=>""Copper, unrefined; copper anodes for electrolytic refining"", ""fr""=>""Cuivre non affiné; anodes en cuivre pour affinage électrolytique""",74,"2020-09-17 09:06:10.164221","2020-09-17 09:06:10.164221",NULL,0,NULL
8875,NULL,NULL,"7403","7403",NULL,"""en""=>""Copper, refined, and copper alloys, unwrought (excl. copper alloys of heading 7405)"", ""fr""=>""Cuivre affiné et alliages de cuivre sous forme brute (sauf alliages mères de cuivre du n° 7405)""",74,"2020-08-31 07:24:26.558547","2020-08-31 07:24:26.558547",NULL,0,10
12635,NULL,NULL,"7404","7404",NULL,"""en""=>""Waste and scrap, of copper (excl. ingots or other similar unwrought shapes, of remelted copper waste and scrap, ashes and residues containing copper, and waste and scrap of primary cells, primary batteries and electric accumulators)"", ""fr""=>""Déchets et débris de cuivre (à l'excl. des déchets lingotés ou formes brutes simil., en déchets et débris de cuivre fondus, et sauf cendres et résidus contenant du cuivre et déchets et débris de piles, batteries et accumulateurs électriques)""",74,"2020-09-17 09:06:10.164221","2020-09-17 09:06:10.164221",NULL,0,17
12339,"2444","244413","7405","7405 00",15,"""en""=>""Master alloys of copper (excl. phosphorus-copper compounds \""copper phosphide\"" containing by weight > 15% phosphorus)"", ""fr""=>""Alliages mères de cuivre (sauf les combinaisons cuivre-phosphore (phosphore de cuivre) à teneur en poids en phosphore > 15%)""",74,"2020-09-17 09:06:10.164221","2020-09-17 09:06:10.164221",NULL,0,NULL
8888,NULL,NULL,"7406","7406",NULL,"""en""=>""Powders and flakes, of copper (excl. grains of copper and spangles of heading 8308)"", ""fr""=>""Poudres et paillettes de cuivre (sauf granulés [grenailles] de cuivre et sauf les paillettes découpées du n° 8308)""",74,"2020-08-31 07:24:26.558547","2020-08-31 07:24:26.558547",NULL,0,10
8891,NULL,NULL,"7407","7407",NULL,"""en""=>""Bars, rods and profiles, of copper, n.e.s."", ""fr""=>""Barres et profilés en cuivre, n.d.a.""",74,"2020-08-31 07:24:26.558547","2020-08-31 07:24:26.558547",NULL,0,10
8897,NULL,NULL,"7408","7408",NULL,"""en""=>""Copper wire (excl. surgical sutures, stranded wire, cables, plaited bands and the like and other articles of heading 7413, electrically insulated wires and strings for musical instruments)"", ""fr""=>""Fils de cuivre (sauf fils de suture à des fins chirurgicales, torons, câbles, tresses et articles simil. du n° 7413, fils isolés pour l'électricité et sauf cordes pour instruments de musique)""",74,"2020-08-31 07:24:26.558547","2020-08-31 07:24:26.558547",NULL,0,10
8905,NULL,NULL,"7409","7409",NULL,"""en""=>""Plates, sheets and strip, of copper, of a thickness of > 0,15 mm (excl. expanded sheet and strip copper and electrically insulated strip)"", ""fr""=>""Tôles et bandes en cuivre, d'une épaisseur > 0,15 mm (sauf tôles et bandes déployées ainsi que bandes isolées pour l'électricité)""",74,"2020-08-31 07:24:26.558547","2020-08-31 07:24:26.558547",NULL,0,10
8914,NULL,NULL,"7410","7410",NULL,"""en""=>""Copper foil \""whether or not printed or backed with paper, paperboard, plastics or similar backing materials\"", of a thickness \""excl. any backing\"" of <= 0,15 mm (excl. stamping foils of heading 3212, metal yarns and metallised yarns and foil made up as christmas tree decorating material)"", ""fr""=>""Feuilles et bandes minces en cuivre, même imprimées ou fixées sur papier, carton, matière plastique ou supports simil., d'une épaisseur, support non compris, <= 0,15 mm (sauf feuilles pour le marquage au fer du n° 3212, fils guipés de métal et fils métallisés et sauf feuilles traitées comme décorations pour sapins de Noël)""",74,"2020-08-31 07:24:26.558547","2020-08-31 07:24:26.558547",NULL,0,10
8922,"2444","244426","7411","7411 10 90",15,"""en""=>""Tubes and pipes of refined copper, in coils or otherwise bent"", ""fr""=>""Tubes et tuyaux en cuivre affiné, enroulés ou autrement recourbés""",74,"2020-08-31 07:24:26.558547","2020-08-31 07:24:26.558547",NULL,0,10
8930,"2444","244426","7412","7412 20 00",15,"""en""=>""Copper alloy tube or pipe fittings \""e.g., couplings, elbows, sleeves\"""", ""fr""=>""Accessoires de tuyauterie (raccords, coudes, manchons, p.ex.), en alliages de cuivre""",74,"2020-08-31 07:24:26.558547","2020-08-31 07:24:26.558547",NULL,0,10
12340,"2593","259312","7413","7413 00",15,"""en""=>""Stranded wire, cables, plaited bands and the like, of copper (excl. electrically insulated products)"", ""fr""=>""Torons, câbles, tresses et articles simil., en cuivre (sauf produits isolés pour l'électricité)""",74,"2020-09-17 09:06:10.164221","2020-09-17 09:06:10.164221",NULL,0,NULL
8932,NULL,NULL,"7415","7415",NULL,"""en""=>""Nails, tacks, drawing pins, staples and similar articles, of copper or with shafts of iron or steel and heads of copper, screws, bolts, nuts, screw hooks, rivets, cotters, cotter pins, washers \""incl. spring washers\"" and similar articles, of copper (excl. staples in strips, and lag screws, plugs, bungs and the like, threaded)"", ""fr""=>""Pointes, clous, punaises, crampons appointés, agrafes (sauf agrafes présentées en barrettes) et articles simil., en cuivre ou avec tige en fer ou en acier et tête en cuivre; vis, boulons, écrous, crochets à pas de vis, rivets, goupilles, chevilles, clavettes, rondelles et articles simil., en cuivre (sauf clous taraudeurs et chevilles vissées, tampons et articles simil., filetés)""",74,"2020-08-31 07:24:26.558547","2020-08-31 07:24:26.558547",NULL,0,10
8938,NULL,NULL,"7418","7418",NULL,"""en""=>""Table, kitchen or other household articles, sanitary ware, and parts thereof, of copper; pot scourers and scouring or polishing pads, gloves and the like, of copper (excl. cans, boxes and similar containers of heading 7419, articles of the nature of a work implement, articles of cutlery, spoons, ladles, etc., ornamental articles, fittings)"", ""fr""=>""Articles de ménage ou d'économie domestique, d'hygiène ou de toilette, et leurs parties, en cuivre; éponges, torchons, gants et articles simil. pour le récurage ou usage analogue, en cuivre (sauf bidons, boîtes et récipients simil.; articles à caractère d'outils; coutellerie, cuillers, fourchettes, etc.; objets décoratifs; accessoires de tuyauterie)""",74,"2020-08-31 07:24:26.558547","2020-08-31 07:24:26.558547",NULL,0,10
8944,"2593","259317","7419","7419 10 00",15,"""en""=>""Chain and parts thereof, of copper (excl. watch chains, necklace chains and the like)"", ""fr""=>""Chaînes, chaînettes et leurs parties, en cuivre (sauf chaînes et chaînettes de montre, de bijouterie, etc.)""",74,"2020-08-31 07:24:26.558547","2020-08-31 07:24:26.558547",NULL,0,10
8950,NULL,NULL,"7501","7501",NULL,"""en""=>""Nickel mattes, nickel oxide sinters and other intermediate products of nickel metallurgy :"", ""fr""=>""Mattes de nickel, sinters d'oxydes de nickel et autres produits intermédiaires de la métallurgie du nickel""",75,"2020-08-31 07:24:26.558547","2020-08-31 07:24:26.558547",NULL,0,10
8953,NULL,NULL,"7502","7502",NULL,"""en""=>""Unwrought nickel"", ""fr""=>""Nickel sous forme brute""",75,"2020-08-31 07:24:26.558547","2020-08-31 07:24:26.558547",NULL,0,10
12636,NULL,NULL,"7503","7503",NULL,"""en""=>""Waste and scrap, of nickel (excl. ingots or other similar unwrought shapes, of remelted nickel waste and scrap, ashes and residues containing nickel and waste and scrap of primary cells, primary batteries and electric accumulators)"", ""fr""=>""Déchets et débris de nickel (sauf déchets lingotés et formes brutes simil., en déchets et débris de nickel fondus, et sauf cendres et résidus contenant du nickel et déchets et débris de piles, batteries et accumulateurs électriques)""",75,"2020-09-17 09:06:10.164221","2020-09-17 09:06:10.164221",NULL,0,17
12341,"2445","244521","7504","7504 00",15,"""en""=>""Powders and flakes, of nickel (excl. nickel oxide sinters)"", ""fr""=>""Poudres et paillettes de nickel (sauf sinters d'oxydes de nickel)""",75,"2020-09-17 09:06:10.164221","2020-09-17 09:06:10.164221",NULL,0,NULL
8960,NULL,NULL,"7505","7505",NULL,"""en""=>""Bars, rods, profiles and wire, of nickel (excl. electrically insulated products)"", ""fr""=>""Barres, profilés et fils en nickel (sauf produits isolés pour l'électricité)""",75,"2020-08-31 07:24:26.558547","2020-08-31 07:24:26.558547",NULL,0,10
8965,NULL,NULL,"7506","7506",NULL,"""en""=>""Plates, sheets, strip and foil, of nickel (excl. expanded plates, sheets or strip)"", ""fr""=>""Tôles, bandes et feuilles en nickel (sauf tôles ou bandes déployées)""",75,"2020-08-31 07:24:26.558547","2020-08-31 07:24:26.558547",NULL,0,10
8968,NULL,NULL,"7507","7507",NULL,"""en""=>""Tubes, pipes and tube or pipe fittings \""e.g., couplings, elbows, sleeves\"", of nickel"", ""fr""=>""Tubes, tuyaux et accessoires de tuyauterie -raccords, coudes, manchons, p.ex.-, en nickel""",75,"2020-08-31 07:24:26.558547","2020-08-31 07:24:26.558547",NULL,0,10
8972,NULL,NULL,"7508","7508",NULL,"""en""=>""Articles of nickel, n.e.s. (excl. powder, flakes, bars, profiles, wire, plates, sheets, strip, foil, tubes, pipes and tube or pipe fittings)"", ""fr""=>""Ouvrages en nickel, n.d.a; (sauf poudre, paillettes, barres, profilés, fils, tôles, bandes, feuilles, tubes, tuyaux et accessoires de tuyauterie)""",75,"2020-08-31 07:24:26.558547","2020-08-31 07:24:26.558547",NULL,0,10
8975,NULL,NULL,"7601","7601",NULL,"""en""=>""Unwrought aluminium"", ""fr""=>""Aluminium sous forme brute""",76,"2020-08-31 07:24:26.558547","2020-08-31 07:24:26.558547",NULL,0,10
12637,NULL,NULL,"7602","7602",NULL,"""en""=>""Waste and scrap, of aluminium (excl. slags, scale and the like from iron and steel production, containing recoverable aluminium in the form of silicates, ingots or other similar unwrought shapes, of remelted waste and scrap, of aluminium, ashes and residues from aluminium production)"", ""fr""=>""Déchets et débris d'aluminium (sauf scories, mâchefer, etc., produits par la sidérurgie et contenant de l'aluminium récupérable sous forme de silicates, les déchets lingotés et autres formes brutes simil. en déchets ou débris d'aluminium fondus, et sauf cendres et résidus de la fabrication de l'aluminium)""",76,"2020-09-17 09:06:10.164221","2020-09-17 09:06:10.164221",NULL,0,17
8984,NULL,NULL,"7603","7603",NULL,"""en""=>""Powder and flakes, of aluminium (excl. pellets of aluminium, and spangles)"", ""fr""=>""Poudres et paillettes d'aluminium (sauf boulettes d'aluminium et paillettes découpées)""",76,"2020-08-31 07:24:26.558547","2020-08-31 07:24:26.558547",NULL,0,10
8987,NULL,NULL,"7604","7604",NULL,"""en""=>""Bars, rods and profiles, of aluminium, n.e.s."", ""fr""=>""Barres et profilés en aluminium, n.d.a.""",76,"2020-08-31 07:24:26.558547","2020-08-31 07:24:26.558547",NULL,0,10
8995,NULL,NULL,"7605","7605",NULL,"""en""=>""Aluminium wire (excl. stranded wire, cables, plaited bands and the like and other articles of heading 7614, electrically insulated wires, and strings for musical instruments)"", ""fr""=>""Fils en aluminium (sauf torons, câbles, tresses et simil. du n° 7614, sauf fils isolés pour l'électricité et sauf cordes pour instruments de musique)""",76,"2020-08-31 07:24:26.558547","2020-08-31 07:24:26.558547",NULL,0,10
9013,"2442","244224","7606","7606 91 00",15,"""en""=>""Plates, sheets and strip, of non-alloy aluminium, of a thickness of > 0,2 mm (other than square or rectangular)"", ""fr""=>""Tôles et bandes en aluminium non allié, d'une épaisseur > 0,2 mm, de forme autre que carrée ou rectangulaire""",76,"2020-08-31 07:24:26.558547","2020-08-31 07:24:26.558547",NULL,0,10
9015,NULL,NULL,"7607","7607",NULL,"""en""=>""Aluminium foil, \""whether or not printed or backed with paper, paperboard, plastics or similar backing materials\"", of a thickness \""excl. any backing\"" of <= 0,2 mm (excl. stamping foils of heading 3212, christmas tree decorating material)"", ""fr""=>""Feuilles et bandes minces en aluminium (même imprimées ou fixées sur papier, carton, matières plastiques ou supports simil.), d'une épaisseur, support non compris, <= 0,2 mm (sauf feuilles pour le marquage au fer du n° 3212 et sauf décorations pour sapin de Noël)""",76,"2020-08-31 07:24:26.558547","2020-08-31 07:24:26.558547",NULL,0,10
9026,NULL,NULL,"7608","7608",NULL,"""en""=>""Aluminium tubes and pipes (excl. hollow profiles)"", ""fr""=>""Tubes et tuyaux en aluminium (sauf profilés creux)""",76,"2020-08-31 07:24:26.558547","2020-08-31 07:24:26.558547",NULL,0,10
12342,"2442","244226","7609","7609 00",15,"""en""=>""Aluminium tube or pipe fittings \""e.g., couplings, elbows, sleeves\"""", ""fr""=>""Accessoires de tuyauterie (raccords, coudes, manchons, p. ex), en aluminium""",76,"2020-09-17 09:06:10.164221","2020-09-17 09:06:10.164221",NULL,0,NULL
9033,NULL,NULL,"7610","7610",NULL,"""en""=>""Structures and parts of structures \""e.g., bridges and bridge-sections, towers, lattice masts, pillars and columns, roofs, roofing frameworks, doors and windows and their frames and thresholds for doors, shutters, balustrades\"", of aluminium (excl. prefabricated buildings of heading 9406); plates, rods, profiles, tubes and the like, prepared for use in structures, of aluminium"", ""fr""=>""Constructions et parties de constructions (ponts et éléments de ponts, tours, pylônes, piliers, colonnes, charpentes, toitures, portes et fenêtres et leurs cadres, chambranles et seuils, balustrades, p.ex.), en aluminium (à l'excl. des constructions préfabriquées du n° 9406); tôles, barres, profilés, tubes et simil., en aluminium, préparés en vue de leur utilisation dans la construction""",76,"2020-08-31 07:24:26.558547","2020-08-31 07:24:26.558547",NULL,0,10
12343,"2529","252911","7611","7611 00",15,"""en""=>""Reservoirs, tanks, vats and similar containers, of aluminium, for any material (other than compressed or liquefied gas), of a capacity of > 300 l, not fitted with mechanical or thermal equipment, whether or not lined or heat-insulated (excl. containers specifically constructed or equipped for one or more types of transport)"", ""fr""=>""Réservoirs, foudres, cuves et récipients simil. en aluminium, pour toutes matières, à l'excl. des gaz comprimés ou liquéfiés, d'une contenance > 300 l (sans dispositifs mécaniques ou thermiques et à l'excl. des conteneurs spécialement conçus et équipés pour un ou plusieurs moyens de transport)""",76,"2020-09-17 09:06:10.164221","2020-09-17 09:06:10.164221",NULL,0,NULL
9040,"2592","259212","7612","7612 10 00",15,"""en""=>""Collapsible tubular containers, of aluminium"", ""fr""=>""Étuis tubulaires souples en aluminium""",76,"2020-08-31 07:24:26.558547","2020-08-31 07:24:26.558547",NULL,0,10
12344,"2529","252912","7613","7613 00",15,"""en""=>""Aluminium containers for compressed or liquefied gas"", ""fr""=>""Récipients en aluminium pour gaz comprimés ou liquéfiés""",76,"2020-09-17 09:06:10.164221","2020-09-17 09:06:10.164221",NULL,0,NULL
9046,NULL,NULL,"7614","7614",NULL,"""en""=>""Stranded wire, cables, plaited bands and the like, of aluminium (excl. such products electrically insulated)"", ""fr""=>""Torons, câbles, tresses et simil., en aluminium (sauf produits isolés pour l'électricité)""",76,"2020-08-31 07:24:26.558547","2020-08-31 07:24:26.558547",NULL,0,10
9049,NULL,NULL,"7615","7615",NULL,"""en""=>""Table, kitchen or other household articles, sanitary ware, and parts thereof, of aluminium, pot scourers and scouring or polishing pads, gloves and the like, of aluminium (excl. cans, boxes and similar containers of heading 7612, articles of the nature of a work implement, spoons, ladles, forks and other articles of heading 8211 to 8215, ornamental articles and fittings)"", ""fr""=>""Articles de ménage, d'économie domestique, d'hygiène ou de toilette, et leurs parties, en aluminium; éponges, torchons, gants et articles simil. pour le récurage, le polissage ou usages analogues, en aluminium (sauf bidons, boîtes et récipients simil. du n° 7612, articles ayant le caractère d'outils, cuillers, louches, fourchettes et articles analogues du n° 8211 au n° 8215, objets décoratifs, accessoires de tuyauterie)""",76,"2020-08-31 07:24:26.558547","2020-08-31 07:24:26.558547",NULL,0,10
9055,NULL,NULL,"7616","7616",NULL,"""en""=>""Articles of aluminium, n.e.s."", ""fr""=>""Ouvrages en aluminium, n.d.a.""",76,"2020-08-31 07:24:26.558547","2020-08-31 07:24:26.558547",NULL,0,10
9061,NULL,NULL,"7801","7801",NULL,"""en""=>""Unwrought lead :"", ""fr""=>""Plomb sous forme brute""",77,"2020-08-31 07:24:26.558547","2020-08-31 07:24:26.558547",NULL,0,10
12345,"3811","381158","7802","7802 00",15,"""en""=>""Lead waste and scrap (excl. ashes and residues from lead production \""heading No 2620\"", and ingots or other similar unwrought shapes, of remelted waste and scrap, of lead \""heading No 7801\"" and waste and scrap of primary cells, primary batteries et electric accumulators)"", ""fr""=>""Déchets et débris de plomb (autres que cendres et résidus de la fabrication du plomb contenant du métal ou des composés de métaux du n° 2620 et sauf plomb lingoté et autres formes brutes simil., en déchets et débris de plomb fondus du n° 7801 et déchets et débris de piles, batteries et accumulateurs électriques)""",77,"2020-09-17 09:06:10.164221","2020-09-17 09:06:10.164221",NULL,0,NULL
9068,NULL,NULL,"7804","7804",NULL,"""en""=>""Lead plates, sheets, strip and foil; lead powders and flakes (excl. grains of lead, and spangles of heading 8308)"", ""fr""=>""Tables, feuilles et bandes, en plomb; poudres et paillettes de plomb (sauf granulés et grenailles en plomb et sauf paillettes découpées du n° 8308)""",77,"2020-08-31 07:24:26.558547","2020-08-31 07:24:26.558547",NULL,0,10
12638,NULL,NULL,"7806","7806",NULL,"""en""=>""Articles of lead, n.e.s."", ""fr""=>""Ouvrages en plomb, n.d.a.""",77,"2020-09-17 09:06:10.164221","2020-09-17 09:06:10.164221",NULL,0,10
9075,NULL,NULL,"7901","7901",NULL,"""en""=>""Unwrought zinc :"", ""fr""=>""Zinc sous forme brute""",78,"2020-08-31 07:24:26.558547","2020-08-31 07:24:26.558547",NULL,0,10
12346,"3811","381158","7902","7902 00",15,"""en""=>""Zinc waste and scrap (excl. ash and residues from zinc production \""heading 2620\"", ingots and other similar unwrought shapes, of remelted waste and scrap, of zinc \""heading 7901\"" and waste and scrap of primary cells, primary batteries and electric accumulators)"", ""fr""=>""Déchets et débris de zinc (autres que cendres et résidus de la fabrication du zinc contenant du métal ou des composés de métaux du n° 2620, et sauf plomb lingoté et autres formes brutes simil., en déchets et débris de zinc fondus du n° 7901 et déchets et débris de piles, batteries et accumulateurs électriques)""",78,"2020-09-17 09:06:10.164221","2020-09-17 09:06:10.164221",NULL,0,NULL
9083,NULL,NULL,"7903","7903",NULL,"""en""=>""Zinc dust, powders and flakes (excl. grains of zinc, and spangles of heading 8308)"", ""fr""=>""Poussières, poudres et paillettes de zinc (sauf granulés et grenailles en zinc et sauf paillettes découpées du n° 8308)""",78,"2020-08-31 07:24:26.558547","2020-08-31 07:24:26.558547",NULL,0,10
12347,"2443","244323","7904","7904 00",15,"""en""=>""Zinc bars, rods, profiles and wire, n.e.s."", ""fr""=>""Barres, profilés et fils en zinc, n.d.a.""",78,"2020-09-17 09:06:10.164221","2020-09-17 09:06:10.164221",NULL,0,NULL
12348,"2443","244323","7905","7905 00",15,"""en""=>""Zinc plates, sheets, strip and foil"", ""fr""=>""Tôles, feuilles et bandes, en zinc""",78,"2020-09-17 09:06:10.164221","2020-09-17 09:06:10.164221",NULL,0,NULL
12349,"2599","259929","7907","7907 00",15,"""en""=>""Articles of zinc, n.e.s."", ""fr""=>""Ouvrages en zinc, n.d.a.""",78,"2020-09-17 09:06:10.164221","2020-09-17 09:06:10.164221",NULL,0,NULL
9089,NULL,NULL,"8001","8001",NULL,"""en""=>""Unwrought tin"", ""fr""=>""Étain sous forme brute""",79,"2020-08-31 07:24:26.558547","2020-08-31 07:24:26.558547",NULL,0,10
12350,"3811","381158","8002","8002 00",15,"""en""=>""Tin waste and scrap (excl. ash and residues from the manufacture of tin of heading 2620, and ingots and similar unwrought tin produced from melted tin waste and scrap of heading 8001)"", ""fr""=>""Déchets et débris d'étain (autres que cendres et résidus de la fabrication de l'étain contenant du métal ou des composés de métaux du n° 2620, et sauf étain lingoté et autres formes brutes simil., en déchets et débris fondus d'étain du n° 8001)""",79,"2020-09-17 09:06:10.164221","2020-09-17 09:06:10.164221",NULL,0,NULL
12351,"2443","244324","8003","8003 00",15,"""en""=>""Tin bars, rods, profiles and wire, n.e.s."", ""fr""=>""Barres, profilés et fils en étain, n.d.a.""",79,"2020-09-17 09:06:10.164221","2020-09-17 09:06:10.164221",NULL,0,NULL
9096,"2599","259929","8007","8007 00 80",15,"""en""=>""Articles of tin, n.e.s."", ""fr""=>""Ouvrages en étain, n.d.a.""",79,"2020-08-31 07:24:26.558547","2020-08-31 07:24:26.558547",NULL,0,10
9097,NULL,NULL,"8101","8101",NULL,"""en""=>""Tungsten \""wolfram\"" and articles thereof, n.e.s.; tungsten waste and scrap (excl. ash and residues containing tungsten)"", ""fr""=>""Tungstène (wolfram) et ouvrages en tungstène, n.d.a.; déchets et débris de tungstène [wolfram] (sauf cendres et résidus contenant du tungstène)""",80,"2020-08-31 07:24:26.558547","2020-08-31 07:24:26.558547",NULL,0,10
9105,NULL,NULL,"8102","8102",NULL,"""en""=>""Molybdenum and articles thereof, n.e.s.; molybdenum waste and scrap (excl. ash and residues containing molybdenum)"", ""fr""=>""Molybdène et ouvrages en molybdène, n.d.a.; déchets et débris de molybdène (sauf cendres et résidus contenant du molybdène)""",80,"2020-08-31 07:24:26.558547","2020-08-31 07:24:26.558547",NULL,0,10
9112,NULL,NULL,"8103","8103",NULL,"""en""=>""Tantalum and articles thereof, n.e.s.; tantalum waste and scrap (excl. ash and residues containing tantalum)"", ""fr""=>""Tantale et ouvrages en tantale, n.d.a.; déchets et débris de tantale (sauf cendres et résidus contenant du tantale)""",80,"2020-08-31 07:24:26.558547","2020-08-31 07:24:26.558547",NULL,0,10
9122,"2445","244530","8104","8104 30 00",15,"""en""=>""Magnesium raspings, turnings and granules, graded according to size; magnesium powders"", ""fr""=>""Tournures et granulés de magnésium calibrés; poudres de magnésium""",80,"2020-08-31 07:24:26.558547","2020-08-31 07:24:26.558547",NULL,0,10
9126,"3811","381158","8105","8105 30 00",15,"""en""=>""Cobalt waste and scrap (excl. ash and residues containing cobalt)"", ""fr""=>""Déchets et débris de cobalt (sauf cendres et résidus contenant du cobalt)""",80,"2020-08-31 07:24:26.558547","2020-08-31 07:24:26.558547",NULL,0,17
12640,NULL,NULL,"8106","8106",NULL,"""en""=>""Bismuth and articles thereof, n.e.s.; bismuth waste and scrap (excl. ash and residues containing bismuth)"", ""fr""=>""Bismuth et ouvrages en bismuth, n.d.a.; déchets et débris de bismuth (sauf cendres et résidus contenant du bismuth)""",80,"2020-09-17 09:06:10.164221","2020-09-17 09:06:10.164221",NULL,0,10
9131,NULL,NULL,"8107","8107",NULL,"""en""=>""Cadmium and articles thereof, n.e.s.; cadmium waste and scrap (excl. ash and residues containing cadmium)"", ""fr""=>""Cadmium et ouvrages en cadmium, n.d.a.; déchets et débris de cadmium (sauf cendres et résidus contenant du cadmium)""",80,"2020-08-31 07:24:26.558547","2020-08-31 07:24:26.558547",NULL,0,10
9135,NULL,NULL,"8108","8108",NULL,"""en""=>""Titanium and articles thereof, n.e.s.; titanium waste and scrap (excl. ash and residues containing titanium)"", ""fr""=>""Titane et ouvrages en titane, n.d.a.; déchets et débris de titane (sauf cendres et résidus contenant du titane)""",80,"2020-08-31 07:24:26.558547","2020-08-31 07:24:26.558547",NULL,0,10
9143,NULL,NULL,"8109","8109",NULL,"""en""=>""Zirconium and articles thereof, n.e.s.; zirconium waste and scrap (excl. ash and residues containing zirconium)"", ""fr""=>""Zirconium et ouvrages en zirconium, n.d.a.; déchets et débris de zirconium (sauf cendres et résidus contenant du zirconium)""",80,"2020-08-31 07:24:26.558547","2020-08-31 07:24:26.558547",NULL,0,10
9147,NULL,NULL,"8110","8110",NULL,"""en""=>""Antimony and articles thereof, n.e.s.; antimony waste and scrap (excl. ash and residues containing antimony)"", ""fr""=>""Antimoine et ouvrages en antimoine, n.d.a.; déchets et débris d'antimoine (sauf cendres et résidus contenant de l'antimoine)""",80,"2020-08-31 07:24:26.558547","2020-08-31 07:24:26.558547",NULL,0,10
12641,NULL,NULL,"8111","8111",NULL,"""en""=>""Manganese and articles thereof, n.e.s.; manganese waste and scrap (excl. ash and residues containing manganese)"", ""fr""=>""Manganèse et ouvrages en manganèse, n.d.a.; déchets et débris de manganèse (sauf cendres et résidus contenant du manganèse)""",80,"2020-09-17 09:06:10.164221","2020-09-17 09:06:10.164221",NULL,0,10
9178,"2445","244530","8112","8112 99 70",15,"""en""=>""Articles of gallium, indium and vanadium, n.e.s."", ""fr""=>""Ouvrages en gallium, en indium et en vanadium, n.d.a.""",80,"2020-08-31 07:24:26.558547","2020-08-31 07:24:26.558547",NULL,0,10
12642,NULL,NULL,"8113","8113",NULL,"""en""=>""Cermets and articles thereof, n.e.s.; waste and scrap of cermets (excl. ash and residues containing cermets)"", ""fr""=>""Cermets et ouvrages en cermets, n.d.a.; déchets et débris de cermets (sauf cendres et résidus contenant des cermets)""",80,"2020-09-17 09:06:10.164221","2020-09-17 09:06:10.164221",NULL,0,10
9183,NULL,NULL,"8201","8201",NULL,"""en""=>""Hand tools, the following: spades, shovels, mattocks, picks, hoes, forks and rakes, of base metal; axes, billhooks and similar hewing tools, of base metal; poultry shears, secateurs and pruners of any kind, of base metal; scythes, sickles, hay knives, hedge shears, timber wedges and other tools of a kind used in agriculture, horticulture or forestry, of base metal"", ""fr""=>""Bêches, pelles, pioches, pics, houes, binettes, fourches, râteaux et racloirs en métaux communs haches, serpes et outils simil. à taillants en métaux communs; sécateurs de tous types en métaux communs; faux et faucilles, couteaux à foin ou à paille, cisailles à haies, coins et autres outils agricoles, horticoles ou forestiers, à main, en métaux communs""",81,"2020-08-31 07:24:26.558547","2020-08-31 07:24:26.558547",NULL,0,10
9190,NULL,NULL,"8202","8202",NULL,"""en""=>""Handsaws, with working parts of base metal (excl. power-operated saws); blades for saws of all kinds, incl. slitting, slotting or toothless saw blades, of base metal"", ""fr""=>""Scies à main avec partie travaillante en métaux communs; lames de scies de toutes sortes (y.c. les lames de fraises-scies et les lames non dentées pour le sciage) en métaux communs (à l'excl. des tronçonneuses)""",81,"2020-08-31 07:24:26.558547","2020-08-31 07:24:26.558547",NULL,0,10
9202,"2573","257330","8203","8203 20 00",15,"""en""=>""Pliers, incl. cutting pliers, pincers and tweezers for non-medical use and similar hand tools, of base metal"", ""fr""=>""Pinces (même coupantes), tenailles, brucelles à usage non médical et outils simil. à main, en métaux communs""",81,"2020-08-31 07:24:26.558547","2020-08-31 07:24:26.558547",NULL,0,10
9205,NULL,NULL,"8204","8204",NULL,"""en""=>""Hand-operated spanners and wrenches, incl. torque meter wrenches (excl. tap wrenches), of base metal; interchangeable spanner sockets, with or without handles, of base metal"", ""fr""=>""Clés de serrage à main (y.c. les clés dynamométriques), en métaux communs; douilles de serrage interchangeables, même avec manches, en métaux communs""",81,"2020-08-31 07:24:26.558547","2020-08-31 07:24:26.558547",NULL,0,10
9209,NULL,NULL,"8205","8205",NULL,"""en""=>""Hand tools, incl. glaziers' diamonds, of base metal, n.e.s.; blowlamps and the like; vices, clamps and the like (other than accessories for and parts of machine-tools or water-jet cutting machines); anvils; portable forges; hand-operated or pedal-operated grinding wheels with frameworks"", ""fr""=>""Outils et outillage à main (y.c. les diamants de vitriers), en métaux communs, n.d.a.; lampes à souder et simil.; étaux, serre-joints et simil. ne constituant pas des accessoires ou des parties de machines-outils ou de machines à découper par jet d'eau; enclumes; forges portatives; meules avec bâtis, à main ou à pédale""",81,"2020-08-31 07:24:26.558547","2020-08-31 07:24:26.558547",NULL,0,10
12352,"2573","257330","8206","8206 00",15,"""en""=>""Sets of two or more tools of heading 8202 to 8205, put up in sets for retail sale"", ""fr""=>""Outils d'au moins deux des n° 8202 à 8205, conditionnés en assortiments pour la vente au détail""",81,"2020-09-17 09:06:10.164221","2020-09-17 09:06:10.164221",NULL,0,NULL
9224,NULL,NULL,"8207","8207",NULL,"""en""=>""Tools, interchangeable, for hand tools, whether or not power-operated, or for machine tools \""e.g. for pressing, stamping, punching, tapping, threading, drilling, boring, broaching, milling, turning or screw driving\"", incl. dies for drawing or extruding metal, and rock-drilling or earth-boring tools"", ""fr""=>""Outils interchangeables pour outillage à main, mécanique ou non, ou pour machines- outils (à emboutir, à estamper, à poinçonner, à tarauder, à fileter, à percer, à aléser, à brocher, à fraiser, à tourner, à visser, p. ex.), y.c. les filières pour l'étirage ou le filage [extrusion] des métaux, ainsi que les outils de forage ou de sondage""",81,"2020-08-31 07:24:26.558547","2020-08-31 07:24:26.558547",NULL,0,10
9269,NULL,NULL,"8208","8208",NULL,"""en""=>""Knives and cutting blades, of base metal, for machines or for mechanical appliances"", ""fr""=>""Couteaux et lames tranchantes, en métaux communs, pour machines ou pour appareils mécaniques""",81,"2020-08-31 07:24:26.558547","2020-08-31 07:24:26.558547",NULL,0,10
12643,NULL,NULL,"8209","8209",NULL,"""en""=>""Plates, sticks, tips and the like for tools, unmounted, of sintered metal carbides or cermets"", ""fr""=>""Plaquettes, baguettes, pointes et objets simil. pour outils, non montés, constitués par des carbures métalliques frittés ou des cermets""",81,"2020-09-17 09:06:10.164221","2020-09-17 09:06:10.164221",NULL,0,10
12353,"2599","259912","8210","8210 00",15,"""en""=>""Hand-operated mechanical devices, of base metal, weighing <= 10 kg, used in the preparation, conditioning or serving of food or drink"", ""fr""=>""Appareils mécaniques actionnés à la main, en métaux communs, d'un poids <= 10 kg, utilisés pour préparer, conditionner ou servir les aliments ou les boissons""",81,"2020-09-17 09:06:10.164221","2020-09-17 09:06:10.164221",NULL,0,NULL
9285,"2571","257111","8211","8211 95 00",15,"""en""=>""Handles of base metal for table knives, pocket knives and other knives of heading 8211"", ""fr""=>""Manches en métaux communs pour couteaux de table, couteaux de poche (canifs), et autres couteaux du n° 8211""",81,"2020-08-31 07:24:26.558547","2020-08-31 07:24:26.558547",NULL,0,10
9286,NULL,NULL,"8212","8212",NULL,"""en""=>""Non-electric razors and razor blades of base metal, incl. razor blade blanks in strips"", ""fr""=>""Rasoirs, rasoirs de sûreté non électriques, et leurs lames (y.c. les ébauches en bandes), en métaux communs""",81,"2020-08-31 07:24:26.558547","2020-08-31 07:24:26.558547",NULL,0,10
12354,"2571","257111","8213","8213 00",15,"""en""=>""Scissors, tailors' shears and similar shears, and blades therefor, of base metal (excl. hedge shears, two-handed pruning shears and similar two-handed shears, secateurs and similar one-handed pruners and shears and hoof nippers for farriers)"", ""fr""=>""Ciseaux à doubles branches et leurs lames, en métaux communs (sauf taille-haies, cisailles et articles simil. actionnés des deux mains, sécateurs et articles simil. actionnés d'une main et sauf ciseaux spéciaux de maréchal-ferrant)""",81,"2020-09-17 09:06:10.164221","2020-09-17 09:06:10.164221",NULL,0,NULL
9293,NULL,NULL,"8214","8214",NULL,"""en""=>""Articles of cutlery, n.e.s., e.g. hair clippers, butchers' or kitchen cleavers, choppers and mincing knives and paperknives of base metal; manicure or pedicure sets and instruments, incl. nail files, of base metal"", ""fr""=>""Articles de coutellerie, n.d.a. (tondeuses de coiffeur, fendoirs, couperets, hachoirs de bouchers ou de cuisine et coupe-papier, p.ex.), en métaux communs; outils et assortiments d'outils de manucures ou de pédicures (y.c. les limes à ongles), en métaux communs""",81,"2020-08-31 07:24:26.558547","2020-08-31 07:24:26.558547",NULL,0,10
9297,NULL,NULL,"8215","8215",NULL,"""en""=>""Spoons, forks, ladles, skimmers, cake-servers, fish-knives, butter-knives, sugar tongs and similar kitchen or tableware of base metal (excl. lobster cutters and poultry shears of heading 8201 and 8213)"", ""fr""=>""Cuillers, fourchettes, louches, écumoires, pelles à tartes, couteaux spéciaux à poisson ou à beurre, pinces à sucre et articles simil., en métaux communs (sauf cisailles à volaille et à homards du n° 8201 ou du n° 8213)""",81,"2020-08-31 07:24:26.558547","2020-08-31 07:24:26.558547",NULL,0,10
9309,NULL,NULL,"8301","8301",NULL,"""en""=>""Padlocks and locks \""key, combination or electrically operated\"", of base metal; clasps and frames with clasps, incorporating locks, of base metal; keys for any of the foregoing articles, of base metal"", ""fr""=>""Cadenas, serrures et verrous (à clef, à secret ou électriques), en métaux communs; fermoirs et montures-fermoirs comportant une serrure, en métaux communs; clefs pour ces articles, en métaux communs""",82,"2020-08-31 07:24:26.558547","2020-08-31 07:24:26.558547",NULL,0,10
9327,"2572","257214","8302","8302 41 90",15,"""en""=>""Base metal mountings and fittings suitable for buildings (excl. for doors, windows and French windows and locks with keys and hinges)"", ""fr""=>""Garnitures, ferrures et simil., pour bâtiments, en métaux communs (sauf pour portes, fenêtres et portes-fenêtres, serrures et verrous de sûreté à clef et sauf charnières)""",82,"2020-08-31 07:24:26.558547","2020-08-31 07:24:26.558547",NULL,0,10
12644,NULL,NULL,"8303","8303",NULL,"""en""=>""Armoured or reinforced safes, strongboxes and doors and safe deposit lockers for strongrooms, cash or deed boxes and the like, of base metal"", ""fr""=>""Coffres-forts, portes blindées et compartiments pour chambres fortes, coffres et cassettes de sûreté et articles simil., en métaux communs""",82,"2020-09-17 09:06:10.164221","2020-09-17 09:06:10.164221",NULL,0,10
12355,"2599","259922","8304","8304 00",15,"""en""=>""Filing cabinets, card-index cabinets, paper trays, paper rests, pen trays, office-stamp stands and similar office or desk equipment, of base metal (excl. office furniture of heading 9403 and waste paper bins)"", ""fr""=>""Classeurs, fichiers, boîtes de classement, porte-copies, plumiers, porte-cachets et matériel et fournitures simil. de bureau, en métaux communs (à l'excl. des meubles de bureau du n° 9403 et des corbeilles à papier)""",82,"2020-09-17 09:06:10.164221","2020-09-17 09:06:10.164221",NULL,0,NULL
9336,NULL,NULL,"8305","8305",NULL,"""en""=>""Fittings for loose-leaf binders or files, letter clips, letter corners, paper clips, indexing tags and similar office articles, of base metal (excl. drawing pins and clasps for books or registers); staples in strips, e.g. for use in offices, upholstery and packaging, of base metal"", ""fr""=>""Mécanismes pour reliure de feuillets mobiles ou pour classeurs, attache-lettres, coins de lettres, trombones, onglets de signalisation et objets simil. de bureau, en métaux communs; agrafes présentées en barrettes 'p.ex. de bureau, pour tapissiers, emballeurs', en métaux communs (à l'excl. des punaises et des fermoirs pour livres ou registres)""",82,"2020-08-31 07:24:26.558547","2020-08-31 07:24:26.558547",NULL,0,10
9340,NULL,NULL,"8306","8306",NULL,"""en""=>""Bells, gongs and the like, non-electric, of base metal (excl. musical instruments); statuettes and other ornaments, of base metal (excl. works of art, collectors' pieces and antiques); photograph, picture or similar frames, of base metal; mirrors of base metal (excl. optical elements)"", ""fr""=>""Cloches, sonnettes, gongs et articles simil. non électriques, en métaux communs; statuettes et autres objets d'ornement, en métaux communs; cadres pour photographies, gravures ou simil., en métaux communs; miroirs en métaux communs (sauf instruments de musique, objets d'art, pièces de collection ou antiquités et sauf éléments optiques)""",82,"2020-08-31 07:24:26.558547","2020-08-31 07:24:26.558547",NULL,0,10
9347,"2599","259929","8307","8307 90 00",15,"""en""=>""Flexible tubing of base metal other than iron or steel, with or without fittings"", ""fr""=>""Tuyaux flexibles en métaux communs autres que le fer ou l'acier, même avec accessoires""",82,"2020-08-31 07:24:26.558547","2020-08-31 07:24:26.558547",NULL,0,10
9348,NULL,NULL,"8308","8308",NULL,"""en""=>""Clasps, frames with clasps, buckles, buckle-clasps, hooks, eyes, eyelets and the like, of base metal, of a kind used for clothing, footwear, awnings, handbags, travel goods or other made-up articles, tubular or bifurcated rivets, of base metal; beads and spangles of base metal"", ""fr""=>""Fermoirs, montures-fermoirs sans serrure, boucles, boucles-fermoirs, agrafes, crochets, oeillets et articles simil., en métaux communs, pour vêtements, chaussures, bâches, maroquinerie, ou pour toutes confections ou équipements; rivets tubulaires ou à tige fendue, en métaux communs; perles et paillettes découpées, en métaux communs""",82,"2020-08-31 07:24:26.558547","2020-08-31 07:24:26.558547",NULL,0,10
9352,NULL,NULL,"8309","8309",NULL,"""en""=>""Stoppers, caps and lids, incl. crown corks, screw caps and pouring stoppers, capsules for bottles, threaded bungs, bung covers, seals and other packing accessories, of base metal"", ""fr""=>""Bouchons [y.c. les bouchons couronnes, les bouchons à pas de vis et les bouchons-verseurs], couvercles, capsules pour bouteilles, bondes filetées, plaques de bondes, scellés et autres accessoires pour l'emballage, en métaux communs""",82,"2020-08-31 07:24:26.558547","2020-08-31 07:24:26.558547",NULL,0,10
12356,"2599","259929","8310","8310 00",15,"""en""=>""Sign-plates, nameplates, address-plates and similar plates, numbers, letters and other symbols, of base metal, incl. traffic signs (excl. those of heading 9405, type and the like, and signal boards, signal discs and signal arms for traffic of heading 8608)"", ""fr""=>""Plaques indicatrices, plaques-enseignes, plaques-adresses et plaques simil., chiffres, lettres et enseignes diverses, en métaux communs, y.c. les panneaux de signalisation routière (sauf les enseignes et plaques indicatrices lumineuses du n° 9405, les caractères d'imprimerie et articles simil. et sauf panneaux, disques et croix de signalisation pour voies de circulation du n° 8608)""",82,"2020-09-17 09:06:10.164221","2020-09-17 09:06:10.164221",NULL,0,NULL
9358,NULL,NULL,"8311","8311",NULL,"""en""=>""Wire, rods, tubes, plates, electrodes and similar products, of base metal or of metal carbides, coated or cored with flux material, of a kind used for soldering, brazing, welding or deposition of metal or of metal carbides; wire and rods, of agglomerated base metal powder, used for metal spraying"", ""fr""=>""Fils, baguettes, tubes, plaques, électrodes et articles simil., en métaux communs ou en carbures métalliques, enrobés ou fourrés de décapants ou de fondants, pour brasage, soudage ou dépôt de métal ou de carbures métalliques; fils et baguettes en poudres de métaux communs agglomérés, pour la métallisation par projection""",82,"2020-08-31 07:24:26.558547","2020-08-31 07:24:26.558547",NULL,0,10
9365,"2899","289939","8401","8401 20 00",16,"""en""=>""Machinery and apparatus for isotopic separation and parts thereof, n.e.s. [Euratom]"", ""fr""=>""Machines et appareils pour la séparation isotopique et leurs parties, n.d.a. (Euratom)""",83,"2020-08-31 07:24:26.558547","2020-08-31 07:24:26.558547",NULL,0,13
9368,NULL,NULL,"8402","8402",NULL,"""en""=>""Steam or other vapour generating boilers (excl. central heating hot water boilers capable also of producing low pressure steam); superheated water boilers; parts thereof"", ""fr""=>""Chaudières à vapeur (générateurs de vapeur) (autres que les chaudières pour le chauffage central conçues pour produire à la fois de l'eau chaude et de la vapeur à basse pression); chaudières dites 'à eau surchauffée', et leurs parties""",83,"2020-08-31 07:24:26.558547","2020-08-31 07:24:26.558547",NULL,0,10
9382,"2521","252113","8403","8403 90 90",16,"""en""=>""Parts of central heating boilers, n.e.s."", ""fr""=>""Parties de chaudières pour le chauffage central, n.d.a.""",83,"2020-08-31 07:24:26.558547","2020-08-31 07:24:26.558547",NULL,0,10
9386,"2530","253013","8404","8404 90 00",16,"""en""=>""Parts of auxiliary plant of heading 8402 or 8403 and condensers for steam or other vapour power units, n.e.s."", ""fr""=>""Parties des appareils auxiliaires des n° 8402 ou 8403 et des condenseurs pour machines à vapeur, n.d.a.""",83,"2020-08-31 07:24:26.558547","2020-08-31 07:24:26.558547",NULL,0,10
9387,NULL,NULL,"8405","8405",NULL,"""en""=>""Producer gas or water gas generators, with or without their purifiers; acetylene gas generators and similar water process gas generators, with or without their purifiers; parts thereof (excl. coke ovens, electrolytic process gas generators and carbide lamps)"", ""fr""=>""Générateurs de gaz à l'air ou de gaz à l'eau, avec ou sans leurs épurateurs; générateurs d'acétylène et générateurs simil. de gaz, par procédé à l'eau, avec ou sans leurs épurateurs, et leurs parties (sauf four à coke, générateurs de gaz par procédé électrolytique et lampes à acétylène)""",83,"2020-08-31 07:24:26.558547","2020-08-31 07:24:26.558547",NULL,0,13
9390,NULL,NULL,"8406","8406",NULL,"""en""=>""Steam turbines and other vapour turbines; parts thereof"", ""fr""=>""Turbines à vapeur, et leurs parties""",83,"2020-08-31 07:24:26.558547","2020-08-31 07:24:26.558547",NULL,0,13
9397,NULL,NULL,"8407","8407",NULL,"""en""=>""Spark-ignition reciprocating or rotary internal combustion piston engine"", ""fr""=>""Moteurs à piston alternatif ou rotatif, à allumage par étincelles 'moteurs à explosion'""",83,"2020-08-31 07:24:26.558547","2020-08-31 07:24:26.558547",NULL,0,14
9421,NULL,NULL,"8408","8408",NULL,"""en""=>""Compression-ignition internal combustion piston engine \""diesel or semi-diesel engine\"""", ""fr""=>""Moteurs à piston, à allumage par compression (moteurs diesel ou semi-diesel)""",83,"2020-08-31 07:24:26.558547","2020-08-31 07:24:26.558547",NULL,0,13
9463,NULL,NULL,"8409","8409",NULL,"""en""=>""Parts suitable for use solely or principally with internal combustion piston engine of heading 8407 or 8408"", ""fr""=>""Parties reconnaissables comme étant exclusivement ou principalement destinées aux moteurs à piston, n.d.a.""",83,"2020-08-31 07:24:26.558547","2020-08-31 07:24:26.558547",NULL,0,13
9467,NULL,NULL,"8410","8410",NULL,"""en""=>""Hydraulic turbines, water wheels, and regulators therefor (excl. hydraulic power engines and motors of heading 8412)"", ""fr""=>""Turbines hydrauliques, roues hydrauliques et leurs régulateurs (à l'excl. des machines ou moteurs hydrauliques du n° 8412)""",83,"2020-08-31 07:24:26.558547","2020-08-31 07:24:26.558547",NULL,0,13
9488,"2811","281133","8411","8411 99 00",16,"""en""=>""Parts of gas turbines, n.e.s."", ""fr""=>""Parties de turbines à gaz, n.d.a.""",83,"2020-08-31 07:24:26.558547","2020-08-31 07:24:26.558547",NULL,0,13
9489,NULL,NULL,"8412","8412",NULL,"""en""=>""Engines and motors (excl. steam turbines, internal combustion piston engine, hydraulic turbines, water wheels, gas turbines and electric motors); parts thereof"", ""fr""=>""Moteurs et machines motrices (à l'excl. des turbines à vapeur, moteurs à pistons, turbines hydrauliques, roues hydrauliques, turbines à gaz et moteurs électriques), et leurs parties""",83,"2020-08-31 07:24:26.558547","2020-08-31 07:24:26.558547",NULL,0,13
9510,"2813","281311","8413","8413 20 00",16,"""en""=>""Hand pumps for liquids (excl. those of subheading 8413.11 and 8413.19)"", ""fr""=>""Pompes à bras pour liquides (sauf les pompes avec dispositif mesureur ou conçues pour en comporter des n° 841311 ou 841319)""",83,"2020-08-31 07:24:26.558547","2020-08-31 07:24:26.558547",NULL,0,13
9545,NULL,NULL,"8414","8414",NULL,"""en""=>""Air or vacuum pumps (excl. gas compound elevators and pneumatic elevators and conveyors); air or other gas compressors and fans; ventilating or recycling hoods incorporating a fan, whether or not fitted with filters; parts thereof"", ""fr""=>""Pompes à air ou à vide, compresseurs d'air ou d'autres gaz et ventilateurs; hottes aspirantes à extraction ou à recyclage, à ventilateur incorporé, même filtrantes, et leurs parties (à l'excl. des pompes siphons à émulsion pour mélanges de gaz, et sauf élévateurs et transporteurs horizontaux pneumatiques)""",83,"2020-08-31 07:24:26.558547","2020-08-31 07:24:26.558547",NULL,0,13
9580,NULL,NULL,"8415","8415",NULL,"""en""=>""Air conditioning machines comprising a motor-driven fan and elements for changing the temperature and humidity, incl. those machines in which the humidity cannot be separately regulated; parts thereof"", ""fr""=>""Machines et appareils pour le conditionnement de l'air comprenant un ventilateur à moteur et des dispositifs propres à modifier la température et l'humidité, y.c. ceux dans lesquels le degré hygrométrique n'est pas réglable séparément, et leurs parties""",83,"2020-08-31 07:24:26.558547","2020-08-31 07:24:26.558547",NULL,0,13
9589,NULL,NULL,"8416","8416",NULL,"""en""=>""Furnace burners for liquid fuel, for pulverised solid fuel or for gas; mechanical stokers, incl. their mechanical grates, mechanical ash dischargers and similar appliances; parts thereof"", ""fr""=>""Brûleurs pour l'alimentation des foyers, à combustibles liquides, à combustibles solides pulvérisés ou à gaz; foyers automatiques, y.c. leurs avant-foyers, grilles mécaniques, dispositifs mécaniques pour l'évacuation des cendres et dispositifs simil., et leurs parties""",83,"2020-08-31 07:24:26.558547","2020-08-31 07:24:26.558547",NULL,0,13
9599,NULL,NULL,"8417","8417",NULL,"""en""=>""Industrial or laboratory furnaces and ovens, non-electric, incl. incinerators (excl. drying ovens and ovens for cracking operations)"", ""fr""=>""Fours industriels ou de laboratoire, non électriques, y.c. les incinérateurs ( à l'excl. des étuves ainsi que des fours pour procédé de craquage)""",83,"2020-08-31 07:24:26.558547","2020-08-31 07:24:26.558547",NULL,0,13
9624,"2751","275111","8418","8418 40 20",16,"""en""=>""Freezers of the upright type, of a capacity <= 250 l"", ""fr""=>""Meubles congélateurs-conservateurs du type armoire, capacité <= 250 l""",83,"2020-08-31 07:24:26.558547","2020-08-31 07:24:26.558547",NULL,0,12
9636,NULL,NULL,"8419","8419",NULL,"""en""=>""Machinery, plant or laboratory equipment whether or not electrically heated (excl. furnaces, ovens and other equipment of heading 8514), for the treatment of materials by a process involving a change of temperature such as heating, cooking, roasting, distilling, rectifying, sterilising, pasteurising, steaming, drying, evaporating, vaporising, condensing or cooling (excl. those used for domestic purposes); instantaneous or storage water heaters, non-electric; parts thereof"", ""fr""=>""Appareils et dispositifs, même chauffés électriquement (à l'excl. des fours et autres appareils du n° 8514), pour le traitement de matières par des opérations impliquant un changement de température telles que le chauffage, la cuisson, la torréfaction, la distillation, la rectification, la stérilisation, la pasteurisation, l'étuvage, le séchage, l'évaporation, la vaporisation, la condensation ou le refroidissement (sauf appareils domestiques); chauffe-eau non électriques, à chauffage instantané ou à accumulation, et leurs parties""",83,"2020-08-31 07:24:26.558547","2020-08-31 07:24:26.558547",NULL,0,13
9658,NULL,NULL,"8420","8420",NULL,"""en""=>""Calendering or other rolling machines (other than for metals or glass) and cylinders therefor; parts thereof"", ""fr""=>""Calandres et laminoirs autres que pour les métaux ou le verre, et cylindres pour ces machines, et leurs parties""",83,"2020-08-31 07:24:26.558547","2020-08-31 07:24:26.558547",NULL,0,13
9669,"2893","289311","8421","8421 11 00",16,"""en""=>""Centrifugal cream separators"", ""fr""=>""Écrémeuses centrifuges""",83,"2020-08-31 07:24:26.558547","2020-08-31 07:24:26.558547",NULL,0,13
9690,NULL,NULL,"8422","8422",NULL,"""en""=>""Dishwashing machines; machinery for cleaning or drying bottles or other containers; machinery for filling, closing, sealing or labelling bottles, cans, boxes, bags or other containers; machinery for capsuling bottles, jars, tubes and similar containers; other packing or wrapping machinery, incl. heat-shrink wrapping machinery; machinery for aerating beverages; parts thereof"", ""fr""=>""Machines à laver la vaisselle; machines et appareils servant à nettoyer ou à sécher les bouteilles ou autres récipients; machines et appareils à remplir, fermer, boucher ou étiqueter les bouteilles, boîtes, sacs ou autres contenants; machines et appareils à capsuler les bouteilles, pots, tubes et contenants analogues; autres machines et appareils à empaqueter ou à emballer les marchandises, y.c. les machines et appareils à emballer sous film thermorétractable; machines et appareils à gazéifier les boissons; leurs parties""",83,"2020-08-31 07:24:26.558547","2020-08-31 07:24:26.558547",NULL,0,13
9701,"2829","282932","8423","8423 10 10",16,"""en""=>""Household scales (excl. personal weighing machines and baby scales)"", ""fr""=>""Balances de ménage (à l'excl. des pèse-personnes et pèse-bébés)""",83,"2020-08-31 07:24:26.558547","2020-08-31 07:24:26.558547",NULL,0,13
9725,NULL,NULL,"8424","8424",NULL,"""en""=>""Mechanical appliances, whether or not hand-operated, for projecting, dispersing or spraying liquids or powders, n.e.s.; fire extinguishers, charged or not (excl. fire-extinguishing bombs and grenades); spray guns and similar appliances (excl. electric machines and apparatus for hot spraying of metals or sintered metal carbides of heading 8515); steam or sand blasting machines and similar jet projecting machines; parts thereof, n.e.s."", ""fr""=>""Appareils mécaniques, même à main, à projeter, disperser ou pulvériser des matières liquides ou en poudre, n.d.a.; extincteurs, même chargés (sauf bombes et grenades d'extinction d'incendie); pistolets aérographes et appareils simil. (sauf appareils et machines électriques pour la projection de métaux en fusion ou de carbures métalliques frittés); machines et appareils à jet de sable, à jet de vapeur et simil., et leurs parties, n.d.a.""",83,"2020-08-31 07:24:26.558547","2020-08-31 07:24:26.558547",NULL,0,13
9746,NULL,NULL,"8425","8425",NULL,"""en""=>""Pulley tackle and hoists (other than skip hoists); winches and capstans; jacks"", ""fr""=>""Palans; treuils et cabestans; crics et vérins""",83,"2020-08-31 07:24:26.558547","2020-08-31 07:24:26.558547",NULL,0,13
9758,"2822","282214","8426","8426 20 00",16,"""en""=>""Tower cranes"", ""fr""=>""Grues à tour""",83,"2020-08-31 07:24:26.558547","2020-08-31 07:24:26.558547",NULL,0,13
9766,NULL,NULL,"8427","8427",NULL,"""en""=>""Fork-lift trucks; other works trucks fitted with lifting or handling equipment (excl. straddle carriers and works trucks fitted with a crane)"", ""fr""=>""Chariots-gerbeurs; autres chariots de manutention munis d'un dispositif de levage, pour le transport et la manutention (à l'excl. des chariots-cavaliers et chariots-grues)""",83,"2020-08-31 07:24:26.558547","2020-08-31 07:24:26.558547",NULL,0,13
9775,NULL,NULL,"8428","8428",NULL,"""en""=>""Lifting, handling, loading or unloading machinery, e.g. lifts, escalators, conveyors, teleferics (excl. pulley tackle and hoists, winches and capstans, jacks, cranes of all kinds, mobile lifting frames and straddle carriers, works trucks fitted with a crane, fork-lift trucks and other works trucks fitted with lifting or handling equipment)"", ""fr""=>""Machines et appareils de levage, de chargement, de déchargement ou de manutention (ascenseurs, escaliers mécaniques, transporteurs, téléphériques, p.ex.) (sauf palans, treuils et cabestans, crics et vérins, grues de tous genres, ponts-grues, chariots-cavaliers et chariots-grues et sauf chariots-gerbeurs et autres chariots de manutention munis d'un dispositif de levage)""",83,"2020-08-31 07:24:26.558547","2020-08-31 07:24:26.558547",NULL,0,13
9794,NULL,NULL,"8429","8429",NULL,"""en""=>""Self-propelled bulldozers, angledozers, graders, levellers, scrapers, mechanical shovels, excavators, shovel loaders, tamping machines and roadrollers"", ""fr""=>""Bouteurs (bulldozers), bouteurs biais (angledozers), niveleuses, décapeuses (scrapers), pelles mécaniques, excavateurs, chargeuses et chargeuses-pelleteuses, compacteuses et rouleaux compresseurs, autopropulsés""",83,"2020-08-31 07:24:26.558547","2020-08-31 07:24:26.558547",NULL,0,13
9811,NULL,NULL,"8430","8430",NULL,"""en""=>""Moving, grading, levelling, scraping, excavating, tamping, compacting, extracting or boring machinery, for earth, minerals or ores; pile-drivers and pile-extractors; snowploughs and snowblowers (excl. those mounted on railway wagons, motor vehicle chassis or lorries, self-propelled machinery of heading 8429, lifting, handling, loading or unloading machinery of heading 8425 to 8428 and hand-operated tools)"", ""fr""=>""Machines et appareils de terrassement, nivellement, décapage, excavation, compactage, extraction ou forage de la terre, des minéraux ou des minerais; sonnettes de battage et machines pour l'arrachage des pieux; chasse-neige (sauf machines et appareils montés sur wagons, sur châssis d'automobile ou sur camions; machines autopropulsées; machines et appareils de levage, chargement, déchargement ou manutention; outillage à main)""",83,"2020-08-31 07:24:26.558547","2020-08-31 07:24:26.558547",NULL,0,13
9821,NULL,NULL,"8431","8431",NULL,"""en""=>""Parts suitable for use solely or principally with the machinery of heading 8425 to 8430, n.e.s."", ""fr""=>""Parties reconnaissables comme étant exclusivement ou principalement destinées aux machines ou appareils des n° 8425 à 8430, n.d.a.""",83,"2020-08-31 07:24:26.558547","2020-08-31 07:24:26.558547",NULL,0,13
9832,NULL,NULL,"8432","8432",NULL,"""en""=>""Agricultural, horticultural or forestry machinery for soil preparation or cultivation (excl. sprayers and dusters); lawn or sports-ground rollers; parts thereof"", ""fr""=>""Machines, appareils et engins agricoles, sylvicoles ou horticoles pour la préparation ou le travail du sol ou pour la culture; rouleaux pour pelouses ou terrains de sport, et leurs parties (à l'excl. des pulvérisateurs, appareils d'arrosage et poudreuses)""",83,"2020-08-31 07:24:26.558547","2020-08-31 07:24:26.558547",NULL,0,13
9849,NULL,NULL,"8433","8433",NULL,"""en""=>""Harvesting or threshing machinery, incl. straw or fodder balers; grass or hay mowers; machines for cleaning, sorting or grading eggs, fruit or other agricultural produce; parts thereof (other than machines for cleaning, sorting or grading seed, grain or dried leguminous vegetables of heading 8437)"", ""fr""=>""Machines, appareils et engins pour la récolte et le battage des produits agricoles, y.c. les presses à pailles ou à fourrage; tondeuses à gazon et faucheuses; machines pour le nettoyage ou le triage des oeufs, fruits ou autres produits agricoles, et leurs parties (autres que pour le nettoyage ou le triage des grains et légumes sec du n° 8437)""",83,"2020-08-31 07:24:26.558547","2020-08-31 07:24:26.558547",NULL,0,13
9879,NULL,NULL,"8434","8434",NULL,"""en""=>""Milking machines and dairy machinery (excl. refrigerating or heat treatment equipment, cream separators, clarifying centrifuges, filter presses and other filtering equipment); parts thereof"", ""fr""=>""Machines à traire et autres machines et appareils de laiterie, et leurs parties (à l'excl. des appareils réfrigérants ou des installations pour traitement thermique, écrémeuses, centrifugeuses de clairçage, filtres-presses et autres appareils de filtrage)""",83,"2020-08-31 07:24:26.558547","2020-08-31 07:24:26.558547",NULL,0,13
9883,NULL,NULL,"8435","8435",NULL,"""en""=>""Presses, crushers and similar machinery used in the manufacture of wine, cider, fruit juices or similar beverages (excl. machinery for the treatment of these beverages, incl. centrifuges, filter presses, other filtering equipment and domestic appliances); parts thereof"", ""fr""=>""Presses et pressoirs, fouloirs et machines et appareils analogues pour la fabrication du vin, du cidre, des jus de fruits ou de boissons simil., et leurs parties (à l'excl. des machines, appareils et dispositifs pour le traitement de ces boissons, y.c. les centrifugeuses, les filtres-presses et autres appareils de filtrage et sauf les appareils électroménagers)""",83,"2020-08-31 07:24:26.558547","2020-08-31 07:24:26.558547",NULL,0,13
9886,NULL,NULL,"8436","8436",NULL,"""en""=>""Agricultural, horticultural, forestry, poultry-keeping or bee-keeping machinery, incl. germination plant fitted with mechanical or thermal equipment; poultry incubators and brooders; parts thereof"", ""fr""=>""Machines et appareils, n.d.a., pour l'agriculture, la sylviculture, l'horticulture, l'aviculture ou l'apiculture, y.c. les germoirs comportant des dispositifs mécaniques ou thermiques et les couveuses et éleveuses pour l'aviculture, et leurs parties""",83,"2020-08-31 07:24:26.558547","2020-08-31 07:24:26.558547",NULL,0,13
9895,NULL,NULL,"8437","8437",NULL,"""en""=>""Machines for cleaning, sorting or grading seed, grain or dried leguminous vegetables; machinery used in the milling industry or for the working of cereals or dried leguminous vegetables (excl. farm-type machinery, heat treatment equipment, centrifugal dryers and air filters); parts thereof"", ""fr""=>""Machines pour le nettoyage, le triage ou le criblage des grains ou des légumes secs; machines et appareils pour la minoterie ou le traitement des céréales ou légumes secs, et leurs parties (autres que les machines et appareils du type agricole, les installations de traitement thermique, les essoreuses centrifuges et les filtres à air)""",83,"2020-08-31 07:24:26.558547","2020-08-31 07:24:26.558547",NULL,0,13
9899,NULL,NULL,"8438","8438",NULL,"""en""=>""Machinery, not specified or included elsewhere in this chapter, for the industrial preparation or manufacture of food or drink (other than machinery for the extraction or preparation of animal or fixed vegetable fats or oils); parts thereof"", ""fr""=>""Machines et appareils, n.d.a. dans le chapitre 84, pour la préparation ou la fabrication industrielles d'aliments ou de boissons, et leurs parties (autres que les machines et appareils pour l'extraction ou la préparation des huiles ou graisses végétales fixes ou animales)""",83,"2020-08-31 07:24:26.558547","2020-08-31 07:24:26.558547",NULL,0,13
9916,"2895","289511","8439","8439 30 00",16,"""en""=>""Machinery for finishing paper or paperboard (excl. calenders)"", ""fr""=>""Machines et appareils pour le finissage du papier ou du carton (à l'excl. des calandres)""",83,"2020-08-31 07:24:26.558547","2020-08-31 07:24:26.558547",NULL,0,13
9919,NULL,NULL,"8440","8440",NULL,"""en""=>""Bookbinding machinery, incl. book-sewing machines (excl. machinery of heading 8441, general-purpose presses, printing machinery of heading 8443 and machines of uses ancillary to printing); parts thereof"", ""fr""=>""Machines et appareils pour le brochage ou la reliure, y.c. les machines à coudre les feuillets, et leurs parties (à l'excl. des machines et appareils pour le travail de la pâte à papier, du papier et du carton, y.c. les coupeuses, des presses polyvalentes ainsi que des machines et appareils à imprimer et leurs machines auxiliaires)""",83,"2020-08-31 07:24:26.558547","2020-08-31 07:24:26.558547",NULL,0,13
9927,NULL,NULL,"8441","8441",NULL,"""en""=>""Machinery for making up paper pulp, paper or paperboard, incl. cutting machines of all kinds, n.e.s.; parts thereof"", ""fr""=>""Machines et appareils pour le travail de la pâte à papier, du papier ou du carton, y.c. les coupeuses de tous types, et leurs parties, n.d.a.""",83,"2020-08-31 07:24:26.558547","2020-08-31 07:24:26.558547",NULL,0,13
9940,NULL,NULL,"8442","8442",NULL,"""en""=>""Machinery, apparatus and equipment (other than the machines of headings 8456 to 8465) for preparing or making plates, cylinders or other printing components; plates, cylinders and other printing components; plates, cylinders and lithographic stones, prepared for printing purposes, e.g. planed, grained or polished; parts thereof"", ""fr""=>""Machines, appareils et matériel (autres que les machines des n° 8456 à 8465) pour la préparation ou la fabrication des planches, cylindres ou autres organes imprimants; planches, cylindres et autres organes imprimants; pierres lithographiques, planches, plaques et cylindres préparés pour l'impression (planés, grenés, polis, p.ex.), et leurs parties""",83,"2020-08-31 07:24:26.558547","2020-08-31 07:24:26.558547",NULL,0,13
9959,"2899","289914","8443","8443 19 40",16,"""en""=>""Printing machinery for use in the production of semiconductors"", ""fr""=>""Machines et appareils à imprimer utilisés pour la fabrication des semi-conducteurs""",83,"2020-08-31 07:24:26.558547","2020-08-31 07:24:26.558547",NULL,0,13
9975,"2894","289411","8444","8444 00 90",16,"""en""=>""Machines for drawing, texturing or cutting filaments of man-made textile materials"", ""fr""=>""Machines pour l'étirage, la texturation ou le tranchage des matières textiles synthétiques ou artificielles""",83,"2020-08-31 07:24:26.558547","2020-08-31 07:24:26.558547",NULL,0,13
9976,NULL,NULL,"8445","8445",NULL,"""en""=>""Machines for preparing textile fibres; spinning, doubling or twisting machines and other machinery for producing textile yarns (excl. machines of heading 8444); textile reeling or winding, incl. weft-winding, machines, and machines for preparing textile yarns for use on the machines of heading 8446 or 8447"", ""fr""=>""Machines pour la préparation des matières textiles; machines pour la filature, le doublage ou le retordage des matières textiles et autres machines et appareils pour la fabrication des fils textiles (à l'excl. des machines du n° 8444); machines à bobiner, y.c. les canetières, ou à dévider les matières textiles et machines pour la préparation des fils textiles en vue de leur utilisation sur les machines des n° 8446 au 8447""",83,"2020-08-31 07:24:26.558547","2020-08-31 07:24:26.558547",NULL,0,13
9985,NULL,NULL,"8446","8446",NULL,"""en""=>""Weaving machines \""looms\"""", ""fr""=>""Métiers à tisser""",83,"2020-08-31 07:24:26.558547","2020-08-31 07:24:26.558547",NULL,0,13
9990,NULL,NULL,"8447","8447",NULL,"""en""=>""Knitting machines, stitch-bonding machines and machines for making gimped yarn, tulle, lace, embroidery, trimmings, braid or net and machines for tufting (excl. hem-stitching machines)"", ""fr""=>""Machines et métiers à bonneterie, de couture-tricotage, à guipure, à tulle, à dentelle, à broderie, à passementerie, à tresses, à filet ou à touffeter (à l'excl. des machines à broder à manivelle)""",83,"2020-08-31 07:24:26.558547","2020-08-31 07:24:26.558547",NULL,0,13
9997,NULL,NULL,"8448","8448",NULL,"""en""=>""Auxiliary machinery for use with machines of heading 8444, 8445, 8446 or 8447, e.g. dobbies, jacquards, automatic stop motions, shuttle changing mechanisms; parts and accessories suitable for use solely or principally with the machines of this heading or of heading 8444, 8445, 8446 or 8447, e.g. spindles and spindle flyers, card clothing, combs, extruding nipples, shuttles, healds and heald-frames, hosiery needles"", ""fr""=>""Machines et appareils auxiliaires pour machines des n° 8444, 8445, 8446 ou 8447 (ratières, mécaniques Jacquard, casse-chaînes et casse-trames, mécanismes de changement de navettes, p.ex.); parties et accessoires reconnaissables comme étant exclusivement ou principalement destinés aux machines des n° 8444, 8445, 8446, 8447 ou 8448 (broches, ailettes, garnitures de cardes, peignes, barrettes, filières, navettes, lisses et cadres de lisses, aiguilles, platines, crochets, p.ex.)""",83,"2020-08-31 07:24:26.558547","2020-08-31 07:24:26.558547",NULL,0,13
12357,"2894","289421","8449","8449 00",16,"""en""=>""Machinery for the manufacture or finishing of felt or nonwovens in the piece or in shapes, incl. machinery for making felt hats; blocks for making hats; parts thereof (excl. machinery for preparing fibres for felt and calenders)"", ""fr""=>""Machines et appareils pour la fabrication ou le finissage du feutre ou des nontissés, en pièce ou en forme, y.c. les machines et appareils pour la fabrication de chapeaux en feutre; formes de chapellerie; leurs parties (à l'excl. des machines pour la préparation des fibres de feutre et des calandres)""",83,"2020-09-17 09:06:10.164221","2020-09-17 09:06:10.164221",NULL,0,NULL
10012,NULL,NULL,"8450","8450",NULL,"""en""=>""Household or laundry-type washing machines, incl. machines which both wash and dry; parts thereof"", ""fr""=>""Machines à laver le linge, même avec dispositif de séchage, et leurs parties""",83,"2020-08-31 07:24:26.959445","2020-08-31 07:24:26.959445",NULL,0,12
10021,NULL,NULL,"8451","8451",NULL,"""en""=>""Machinery (excl. of heading 8450) for washing, cleaning, wringing, drying, ironing, pressing incl. fusing presses, bleaching, dyeing, dressing, finishing, coating or impregnating textile yarns, fabrics or made-up textile articles and for applying paste to the base fabric or other support used in the manufacture of floor coverings like linoleum; machines for reeling, unreeling, folding, cutting or pinking textile fabrics; parts thereof"", ""fr""=>""Machines et appareils (sauf machines du n° 8450) pour lavage, nettoyage, essorage, séchage, repassage, pressage (y.c. presses à fixer), blanchiment, teinture, apprêt, finissage, enduction ou imprégnation des fils, tissus ou ouvrages en matières textiles et machines pour revêtement des tissus ou autres supports pour fabrication des couvre-parquets tels que le linoléum; machines à enrouler, dérouler, plier, couper ou denteler les tissus, et leurs parties""",83,"2020-08-31 07:24:26.959445","2020-08-31 07:24:26.959445",NULL,0,13
10033,NULL,NULL,"8452","8452",NULL,"""en""=>""Sewing machines (other than book-sewing machines of heading 8440); furniture, bases and covers specially designed for sewing machines; sewing machine needles; parts thereof"", ""fr""=>""Machines à coudre (autres que les machines à coudre les feuillets du n° 8440); meubles, embases et couvercles spécialement conçus pour machines à coudre; aiguilles pour machines à coudre; leurs parties""",83,"2020-08-31 07:24:26.959445","2020-08-31 07:24:26.959445",NULL,0,13
10042,NULL,NULL,"8453","8453",NULL,"""en""=>""Machinery for preparing, tanning or working hides, skins or leather or for making or repairing footwear or other articles of hides, skins or leather (excl. drying machines, spray guns, machines for the dehairing of pigs, sewing machines and general purpose presses); parts thereof"", ""fr""=>""Machines et appareils pour la préparation, le tannage ou le travail des cuirs ou peaux ou pour la fabrication ou la réparation des chaussures ou autres ouvrages en cuir ou en peau, et leurs parties (à l'excl. des séchoirs, pistolets aérographes, machines à ébourrer les porcs, machines à coudre et presses polyvalentes)""",83,"2020-08-31 07:24:26.959445","2020-08-31 07:24:26.959445",NULL,0,13
10047,NULL,NULL,"8454","8454",NULL,"""en""=>""Converters, ladles, ingot moulds and casting machines of a kind used in metallurgy or in metal foundries (excl. metal powder presses); parts thereof"", ""fr""=>""Convertisseurs, poches de coulée, lingotières et machines à couler (mouler) pour métallurgie, aciérie ou fonderie, et leurs parties (à l'excl. des presses pour poudre de métal)""",83,"2020-08-31 07:24:26.959445","2020-08-31 07:24:26.959445",NULL,0,13
10063,"2891","289112","8455","8455 90 00",16,"""en""=>""Parts of metal-rolling mills, n.e.s."", ""fr""=>""Parties de laminoirs à métaux, n.d.a.""",83,"2020-08-31 07:24:26.959445","2020-08-31 07:24:26.959445",NULL,0,13
10077,"2841","284111","8456","8456 50 00",16,"""en""=>""Water-jet cutting machines"", ""fr""=>""Machines à découper par jet d’eau""",83,"2020-08-31 07:24:26.959445","2020-08-31 07:24:26.959445",NULL,0,13
10079,NULL,NULL,"8457","8457",NULL,"""en""=>""Machining centres, unit construction machines \""single station\"" and multi-station transfer machines for working metal"", ""fr""=>""Centres d'usinage, machines à poste fixe et machines à stations multiples, pour le travail des métaux""",83,"2020-08-31 07:24:26.959445","2020-08-31 07:24:26.959445",NULL,0,13
10087,NULL,NULL,"8458","8458",NULL,"""en""=>""Lathes, incl. turning centres, for removing metal"", ""fr""=>""Tours, y.c. les centres de tournage, travaillant par enlèvement de métal""",83,"2020-08-31 07:24:26.959445","2020-08-31 07:24:26.959445",NULL,0,13
10098,NULL,NULL,"8459","8459",NULL,"""en""=>""Machine tools, incl. way-type unit head machines, for drilling, boring, milling, threading or tapping (excl. lathes and turning centres of heading 8458, gear cutting machines of heading 8461 and hand-operated machines)"", ""fr""=>""Machines-outils, y.c. les unités d'usinage à glissières, à percer, aléser, fraiser, fileter ou tarauder les métaux par enlèvement de matière (autres que les tours et les centres de tournage travaillant par enlèvement de métal du n° 8458, les machines à tailler les engrenages du n° 8461 et sauf les machines-outils pour emploi à la main)""",83,"2020-08-31 07:24:26.959445","2020-08-31 07:24:26.959445",NULL,0,13
10115,NULL,NULL,"8460","8460",NULL,"""en""=>""Machine tools for deburring, sharpening, grinding, honing, lapping, polishing or otherwise finishing metal or cermets by means of grinding stones, abrasives or polishing products (excl. gear cutting, gear grinding or gear finishing machines of heading 8461 and machines for working in the hand)"", ""fr""=>""Machines à ébarber, affûter, meuler, rectifier, roder, polir ou à faire d’autres opérations de finissage, pour le travail des métaux ou des cermets à l’aide de meules, d’abrasifs ou de produits de polissage (à l’exclusion des machines à tailler ou à finir les engrenages de la position 8461 et des machines pour emploi à la main)""",83,"2020-08-31 07:24:26.959445","2020-08-31 07:24:26.959445",NULL,0,13
10130,NULL,NULL,"8461","8461",NULL,"""en""=>""Machine tools for planing, shaping, slotting, broaching, gear cutting, gear grinding or gear finishing, sawing, cutting-off and other machine tools working by removing metal, sintered metal carbides or cermets, n.e.s."", ""fr""=>""Machines à raboter, étaux-limeurs, machines à mortaiser, brocher, tailler les engrenages, finir les engrenages, scier, tronçonner et autres machines-outils travaillant par enlèvement de métal, de carbures métalliques frittés ou de cermets, n.d.a.""",83,"2020-08-31 07:24:26.959445","2020-08-31 07:24:26.959445",NULL,0,13
10148,NULL,NULL,"8462","8462",NULL,"""en""=>""Machine tools, incl. presses, for working metal by forging, hammering or die-stamping; machine tools, incl. presses, for working metal by bending, folding, straightening, flattening, shearing, punching or notching; presses for working metal or metal carbides (excl. machines of chapters 8456 to 8461)"", ""fr""=>""Machines-outils (y.c. les presses), à forger ou à estamper, moutons, marteaux-pilons et martinets pour le travail des métaux; machines-outils (y.c. les presses), à rouler, cintrer, plier, dresser, planer, cisailler, poinçonner ou gruger les métaux; presses pour le travail des métaux ou des carbures métalliques (à l'excl. des machines des n° 8456 à 8461)""",83,"2020-08-31 07:24:26.959445","2020-08-31 07:24:26.959445",NULL,0,13
10176,NULL,NULL,"8463","8463",NULL,"""en""=>""Machine tools for working metal, sintered metal carbides or cermets, without removing material (excl. forging, bending, folding, straightening and flattening presses, shearing machines, punching or notching machines, presses and machines for working in the hand)"", ""fr""=>""Machines-outils pour le travail des métaux, des carbures métalliques frittés ou des cermets, travaillant sans enlèvement de matière (à l'excl. des machines à forger, à rouler, à cintrer, dresser ou planer, des machines à cisailler, des machines à poinçonner ou à gruger, ainsi que des presses pour emploi à la main)""",83,"2020-08-31 07:24:26.959445","2020-08-31 07:24:26.959445",NULL,0,13
10183,NULL,NULL,"8464","8464",NULL,"""en""=>""Machine tools for working stone, ceramics, concrete, asbestos-cement or like mineral materials or for cold-working glass (excl. machines for working in the hand)"", ""fr""=>""Machines-outils pour le travail de la pierre, des produits céramiques, du béton, de l'amiante-ciment ou de matières minérales simil., ou pour le travail à froid du verre (à l'excl. des machines pour emploi à la main)""",83,"2020-08-31 07:24:26.959445","2020-08-31 07:24:26.959445",NULL,0,13
10190,NULL,NULL,"8465","8465",NULL,"""en""=>""Machine tools, incl. machines for nailing, stapling, glueing or otherwise assembling, for working wood, cork, bone, hard rubber, hard plastics or similar hard materials (excl. machines for working in the hand)"", ""fr""=>""Machines-outils (y.c. les machines à clouer, agrafer, coller ou autrement assembler) pour le travail du bois, du liège, de l'os, du caoutchouc durci, des matières plastiques dures ou matières dures simil. (à l'excl. des machines pour emploi à la main)""",83,"2020-08-31 07:24:26.959445","2020-08-31 07:24:26.959445",NULL,0,13
10224,"2899","289952","8466","8466 93 50",16,"""en""=>""Parts and accessories for water-jet cutting machines, n.e.s."", ""fr""=>""Parties et accessoires des machines à découper par jet d’eau, n.d.a.""",83,"2020-08-31 07:24:26.959445","2020-08-31 07:24:26.959445",NULL,0,13
10227,NULL,NULL,"8467","8467",NULL,"""en""=>""Tools for working in the hand, pneumatic, hydraulic or with self-contained electric or non-electric motor; parts thereof"", ""fr""=>""Outils pneumatiques, hydrauliques ou à moteur électrique ou non électrique incorporé, pour emploi à la main; leurs parties""",83,"2020-08-31 07:24:26.959445","2020-08-31 07:24:26.959445",NULL,0,13
10253,NULL,NULL,"8468","8468",NULL,"""en""=>""Machinery and apparatus for soldering, brazing or welding, whether or not capable of cutting (other than those of heading 8515); gas-operated surface tempering machines and appliances; parts thereof"", ""fr""=>""Machines et appareils pour le brasage ou le soudage, même pouvant couper, mais autres que ceux du n° 8515; machines et appareils aux gaz pour la trempe superficielle, et leurs parties""",83,"2020-08-31 07:24:26.959445","2020-08-31 07:24:26.959445",NULL,0,13
10258,NULL,NULL,"8470","8470",NULL,"""en""=>""Calculating machines and pocket-size \""dimensions <= 170 mm x 100 mm x 45 mm\"" data recording, reproducing and displaying machines with calculating functions; accounting machines, postage-franking machines, ticket-issuing machines and similar machines, incorporating a calculating device; cash registers (excl. data-processing machines of heading 8471 and automatic goods-vending machines)"", ""fr""=>""Machines à calculer et machines de poche [dimensions <= 170 mm x 100 mm x 45 mm] permettant d'enregistrer, de reproduire et d'afficher des informations, comportant une fonction de calcul; machines comptables, machines à affranchir, à établir les tickets et machines simil., comportant un dispositif de calcul; caisses enregistreuses (à l'excl. des machines automatiques de traitement de l'information du n° 8471 et des distributeurs automatiques)""",83,"2020-08-31 07:24:26.959445","2020-08-31 07:24:26.959445",NULL,0,13
10266,"2620","262011","8471","8471 30 00",16,"""en""=>""Data-processing machines, automatic, portable, weighing <= 10 kg, consisting of at least a central processing unit, a keyboard and a display (excl. peripheral units)"", ""fr""=>""Machines automatiques de traitement de l'information, portatives, d'un poids <= 10 kg, comportant au moins une unité centrale de traitement, un clavier et un écran (à l'excl. des unités périphériques)""",83,"2020-08-31 07:24:26.959445","2020-08-31 07:24:26.959445",NULL,0,11
10282,NULL,NULL,"8472","8472",NULL,"""en""=>""Office machines, e.g. hectograph or stencil duplicating machines, addressing machines, automatic banknote dispensers, coin-sorting machines, coin-counting or coin-wrapping machines, pencil-sharpening machines, perforating or stapling machines, n.e.s."", ""fr""=>""Machines et appareils de bureau (duplicateurs hectographiques ou à stencils, machines à imprimer les adresses, distributeurs automatiques de billets de banque, machines à trier, à compter ou à encartoucher les pièces de monnaie, appareils à tailler les crayons, appareils à perforer ou à agrafer p.ex.), n.d.a.""",83,"2020-08-31 07:24:26.959445","2020-08-31 07:24:26.959445",NULL,0,13
10288,NULL,NULL,"8473","8473",NULL,"""en""=>""Parts and accessories (other than covers, carrying cases and the like) suitable for use solely or principally with machines of heading 8469 to 8472, n.e.s."", ""fr""=>""Parties et accessoires (autres que les coffrets, housses et simil.) reconnaissables comme étant exclusivement ou principalement destinés aux machines ou appareils des n° 8469 à 8472, n.d.a.""",83,"2020-08-31 07:24:26.959445","2020-08-31 07:24:26.959445",NULL,0,13
10304,NULL,NULL,"8474","8474",NULL,"""en""=>""Machinery for sorting, screening, separating, washing, crushing, grinding, mixing or kneading earth, stone, ores or other mineral substances, in solid, incl. powder or paste, form; machinery for agglomerating, shaping or moulding solid mineral fuels, ceramic paste, unhardened cements, plastering materials or other mineral products in powder or paste form; machines for forming foundry moulds of sand; parts thereof"", ""fr""=>""Machines et appareils à trier, cribler, séparer, laver, concasser, broyer, mélanger ou malaxer les terres, pierres, minerais ou autres matières minérales solides (y.c. les poudres et les pâtes); machines à agglomérer, former ou mouler les combustibles minéraux solides, les pâtes céramiques, le ciment, le plâtre ou autres matières minérales en poudre ou en pâte; machines à former les moules de fonderie en sable, et leurs parties""",83,"2020-08-31 07:24:26.959445","2020-08-31 07:24:26.959445",NULL,0,13
10321,"2899","289952","8475","8475 90 10",16,"""en""=>""Parts of machines for making optical fibres and preforms thereof, n.e.s."", ""fr""=>""Parties des machines pour la fabrication des fibres optiques et de leurs ébauches, n.d.a.""",83,"2020-08-31 07:24:26.959445","2020-08-31 07:24:26.959445",NULL,0,13
10323,NULL,NULL,"8476","8476",NULL,"""en""=>""Automatic goods-vending machines, e.g. postage stamp, cigarette, food or beverage machines, incl. money-changing machines; parts thereof"", ""fr""=>""Machines automatiques de vente de produits (timbres-poste, cigarettes, denrées alimentaires, boissons p.ex.), y.c. les machines pour changer la monnaie, et leurs parties""",83,"2020-08-31 07:24:26.959445","2020-08-31 07:24:26.959445",NULL,0,13
10333,NULL,NULL,"8477","8477",NULL,"""en""=>""Machinery for working rubber or plastics or for the manufacture of products from these materials, not specified or included elsewhere in this chapter, parts thereof"", ""fr""=>""Machines et appareils pour le travail du caoutchouc ou des matières plastiques ou pour la fabrication de produits en ces matières, n.d.a. dans le chapitre 84, et leurs parties""",83,"2020-08-31 07:24:26.959445","2020-08-31 07:24:26.959445",NULL,0,13
10352,NULL,NULL,"8478","8478",NULL,"""en""=>""Machinery for preparing or making up tobacco, not specified or included elsewhere in this chapter; parts thereof"", ""fr""=>""Machines et appareils pour la préparation ou la transformation du tabac, n.d.a. dans le chapitre 84, et leurs parties""",83,"2020-08-31 07:24:26.959445","2020-08-31 07:24:26.959445",NULL,0,13
10355,NULL,NULL,"8479","8479",NULL,"""en""=>""Machines and mechanical appliances having individual functions, not specified or included elsewhere in this chapter; parts thereof"", ""fr""=>""Machines et appareils, y.c. les appareils mécaniques, ayant une fonction propre, n.d.a. dans le chapitre 84, et leurs parties""",83,"2020-08-31 07:24:26.959445","2020-08-31 07:24:26.959445",NULL,0,13
10381,"2573","257350","8480","8480 30 10",16,"""en""=>""Moulding patterns of wood"", ""fr""=>""Modèles pour moules, en bois""",83,"2020-08-31 07:24:26.959445","2020-08-31 07:24:26.959445",NULL,0,10
10389,NULL,NULL,"8481","8481",NULL,"""en""=>""Taps, cocks, valves and similar appliances for pipes, boiler shells, tanks, vats or the like, incl. pressure-reducing valves and thermostatically controlled valves; parts thereof"", ""fr""=>""Articles de robinetterie et organes simil. pour tuyauteries, chaudières, réservoirs, cuves ou contenants simil., y.c. les détendeurs et les vannes thermostatiques, et leurs parties""",83,"2020-08-31 07:24:26.959445","2020-08-31 07:24:26.959445",NULL,0,13
10426,"2815","281510","8482","8482 20 00",16,"""en""=>""Tapered roller bearings, incl. cone and tapered roller assemblies"", ""fr""=>""Roulements à rouleaux coniques, y.c. les assemblages de cônes et rouleaux coniques""",83,"2020-08-31 07:24:26.959445","2020-08-31 07:24:26.959445",NULL,0,13
10452,"2815","281524","8483","8483 40 30",16,"""en""=>""Ball or roller screws, for machinery"", ""fr""=>""Broches filetées à billes ou à rouleaux, pour machines""",83,"2020-08-31 07:24:26.959445","2020-08-31 07:24:26.959445",NULL,0,13
10466,NULL,NULL,"8484","8484",NULL,"""en""=>""Gaskets and similar joints of metal sheeting combined with other material or of two or more layers of metal; sets or assortments of gaskets and similar joints, dissimilar in composition, put up in pouches, envelopes or similar packings; mechanical seals"", ""fr""=>""Joints métalloplastiques; jeux ou assortiments de joints de composition différente présentés en pochettes, enveloppes ou emballages analogues; joints d'étanchéité mécaniques""",83,"2020-08-31 07:24:26.959445","2020-08-31 07:24:26.959445",NULL,0,13
10475,"2899","289939","8486","8486 40 00",16,"""en""=>""Machines and apparatus specified in Note 9 C to chapter 84"", ""fr""=>""Machines et appareils visés à la note 9 C du chapitre 84""",83,"2020-08-31 07:24:26.959445","2020-08-31 07:24:26.959445",NULL,0,13
10477,NULL,NULL,"8487","8487",NULL,"""en""=>""Machinery parts, n.e.s. in chapter 84 (excl. parts containing electrical connectors, insulators, coils, contacts or other electrical features)"", ""fr""=>""Parties de machines ou d'appareils, n.d.a. dans le chapitre 84 (à l'excl. des parties comportant de connexions électriques, de parties isolées électriquement, de bobinages, de contacts ou d'autres caractéristiques électriques)""",83,"2020-08-31 07:24:26.959445","2020-08-31 07:24:26.959445",NULL,0,13
10503,"2711","271124","8501","8501 52 20",16,"""en""=>""AC motors, multi-phase, of an output > 750 W but <= 7,5 kW"", ""fr""=>""Moteurs à courant alternatif, polyphasés, puissance > 750 W mais <= 7,5 kW""",84,"2020-08-31 07:24:26.959445","2020-08-31 07:24:26.959445",NULL,0,12
10517,NULL,NULL,"8502","8502",NULL,"""en""=>""Electric generating sets and rotary converters"", ""fr""=>""Groupes électrogènes et convertisseurs rotatifs électriques""",84,"2020-08-31 07:24:26.959445","2020-08-31 07:24:26.959445",NULL,0,12
12646,NULL,NULL,"8503","8503",NULL,"""en""=>""Parts suitable for use solely or principally with electric motors and generators, electric generating sets and rotary converters, n.e.s."", ""fr""=>""Parties reconnaissables comme étant exclusivement ou principalement destinées aux moteurs et machines génératrices électriques, groupes électrogènes ou convertisseurs rotatifs électriques n.d.a.""",84,"2020-09-17 09:06:10.164221","2020-09-17 09:06:10.164221",NULL,0,12
10567,"2711","271162","8504","8504 90 90",16,"""en""=>""Parts of static converters, n.e.s."", ""fr""=>""Parties des convertisseurs statiques, n.d.a.""",84,"2020-08-31 07:24:26.959445","2020-08-31 07:24:26.959445",NULL,0,12
10568,NULL,NULL,"8505","8505",NULL,"""en""=>""Electromagnets (excl. magnets for medical use); permanent magnets and articles intended to become permanent magnets after magnetization; electromagnetic or permanent magnet chucks, clamps and similar holding devices; electromagnetic couplings, clutches and brakes; electromagnetic lifting heads; parts thereof"", ""fr""=>""Électro-aimants (autres qu'à usages médicaux); aimants permanents et articles destinés à devenir des aimants permanents après aimantation; plateaux, mandrins et dispositifs magnétiques ou électromagnétiques simil. de fixation; accouplements, embrayages, variateurs de vitesse et freins électromagnétiques; têtes de levage électromagnétiques; leurs parties""",84,"2020-08-31 07:24:26.959445","2020-08-31 07:24:26.959445",NULL,0,12
10579,NULL,NULL,"8506","8506",NULL,"""en""=>""Primary cells and primary batteries, electrical; parts thereof (excl. spent)"", ""fr""=>""Piles et batteries de piles électriques, et leurs parties (sauf hors d'usage)""",84,"2020-08-31 07:24:26.959445","2020-08-31 07:24:26.959445",NULL,0,12
10606,"2720","272023","8507","8507 40 00",16,"""en""=>""Nickel-iron accumulators (excl. spent)"", ""fr""=>""Accumulateurs au nickel-fer (sauf hors d'usage)""",84,"2020-08-31 07:24:26.959445","2020-08-31 07:24:26.959445",NULL,0,12
10613,NULL,NULL,"8508","8508",NULL,"""en""=>""Vacuum cleaners, incl. dry cleaners and wet vacuum cleaners"", ""fr""=>""Aspirateurs, y.c. les aspirateurs de matières sèches et de matières liquides""",84,"2020-08-31 07:24:26.959445","2020-08-31 07:24:26.959445",NULL,0,12
10618,NULL,NULL,"8509","8509",NULL,"""en""=>""Electromechanical domestic appliances, with self-contained electric motor; parts thereof (excl. vacuum cleaners, dry and wet vacuum cleaners)"", ""fr""=>""Appareils électromécaniques, à moteur électrique incorporé, à usage domestique, et leurs parties (à l'excl. des aspirateurs de poussières, des aspirateurs de matières sèches et de matières liquides)""",84,"2020-08-31 07:24:26.959445","2020-08-31 07:24:26.959445",NULL,0,12
10623,"2751","275122","8510","8510 10 00",16,"""en""=>""Shavers, electric"", ""fr""=>""Rasoirs électriques""",84,"2020-08-31 07:24:26.959445","2020-08-31 07:24:26.959445",NULL,0,12
10627,NULL,NULL,"8511","8511",NULL,"""en""=>""Electrical ignition or starting equipment of a kind used for spark-ignition or compression-ignition internal combustion engines, e.g. ignition magnetos, magneto-dynamos, ignition coils, sparking plugs, glow plugs and starter motors; generators, e.g. dynamos and alternators, and cut-outs of a kind used in conjunction with such engines; parts thereof"", ""fr""=>""Appareils et dispositifs électriques d'allumage ou de démarrage pour moteurs à allumage par étincelles ou par compression (magnétos, dynamos-magnétos, bobines d'allumage, bougies d'allumage ou de chauffage, démarreurs, p.ex.); génératrices (dynamos, alternateurs, p.ex.) et conjoncteurs-disjoncteurs utilisés avec ces moteurs, et leurs parties""",84,"2020-08-31 07:24:26.959445","2020-08-31 07:24:26.959445",NULL,0,14
10635,NULL,NULL,"8512","8512",NULL,"""en""=>""Electrical lighting or signalling equipment (excl. lamps of heading 8539), windscreen wipers, defrosters and demisters, of a kind used for cycles or motor vehicles; parts thereof"", ""fr""=>""Appareils électriques d'éclairage ou de signalisation (à l'excl. des lampes du n° 8539), essuie-glaces, dégivreurs et dispositifs antibuée électriques, des types utilisés pour cycles ou automobiles, et leurs parties""",84,"2020-08-31 07:24:26.959445","2020-08-31 07:24:26.959445",NULL,0,14
10645,NULL,NULL,"8513","8513",NULL,"""en""=>""Portable electric lamps designed to function by their own source of energy, e.g. dry batteries, accumulators and magnetos; parts thereof (excl. lighting equipment of heading 8512)"", ""fr""=>""Lampes électriques portatives, destinées à fonctionner au moyen de leur propre source d'énergie (à piles, à accumulateurs, électromagnétiques, p.ex.), et leurs parties (à l'excl.des appareils d'éclairage du n° 8512)""",84,"2020-08-31 07:24:26.959445","2020-08-31 07:24:26.959445",NULL,0,12
10648,NULL,NULL,"8514","8514",NULL,"""en""=>""Industrial or laboratory electric furnaces and ovens, incl. those functioning by induction or dielectric loss; other industrial or laboratory equipment for the heat treatment of materials by induction or dielectric loss; parts thereof"", ""fr""=>""Fours électriques industriels ou de laboratoires, y.c. ceux fonctionnant par induction ou par pertes diélectriques (à l'excl. des étuves); autres appareils industriels ou de laboratoires pour le traitement thermique des matières par induction ou par pertes diélectriques, et leurs parties""",84,"2020-08-31 07:24:26.959445","2020-08-31 07:24:26.959445",NULL,0,13
10663,"2790","279031","8515","8515 11 00",16,"""en""=>""Soldering irons and guns, electric"", ""fr""=>""Fers et pistolets à braser électriques""",84,"2020-08-31 07:24:26.959445","2020-08-31 07:24:26.959445",NULL,0,12
10680,NULL,NULL,"8516","8516",NULL,"""en""=>""Electric instantaneous or storage water heaters and immersion heaters; electric space-heating apparatus and soil-heating apparatus; electro-thermic hairdressing apparatus, e.g. hairdryers, hair curlers and curling tong heaters, and hand dryers; electric smoothing irons; other electro-thermic appliances of a kind used for domestic purposes; electric heating resistors (other than those of heading 8545); parts thereof"", ""fr""=>""Chauffe-eau et thermoplongeurs électriques; appareils électriques pour le chauffage des locaux, du sol ou pour usages simil.; appareils électrothermiques pour la coiffure (sèche-cheveux, appareils à friser, chauffe-fers à friser, p. ex.) ou pour sécher les mains; fers à repasser électriques; autres appareils électrothermiques pour usages domestiques (sauf couvertures chauffantes, coussins chauffants ou autres appareils simil.); résistances chauffantes (sauf du n° 8545), et leurs parties""",84,"2020-08-31 07:24:26.959445","2020-08-31 07:24:26.959445",NULL,0,12
10710,NULL,NULL,"8517","8517",NULL,"""en""=>""Telephone sets, incl. telephones for cellular networks or for other wireless networks; other apparatus for the transmission or reception of voice, images or other data, incl. apparatus for communication in a wired or wireless network [such as a local or wide area network]; parts thereof (excl. than transmission or reception apparatus of heading 8443, 8525, 8527 or 8528)"", ""fr""=>""Postes téléphoniques d'usagers, y.c. les téléphones pour réseaux cellulaires et pour autres réseaux sans fil; autres appareils pour la transmission ou la réception de la voix, d'images ou d'autres données, y.c. les appareils pour la communication dans un réseau filaire ou sans fil [tel qu'un réseau local ou étendu]; leurs parties (à l'excl. des ceux des n° 8443, 8525, 8527 ou 8528)""",84,"2020-08-31 07:24:26.959445","2020-08-31 07:24:26.959445",NULL,0,11
10722,NULL,NULL,"8518","8518",NULL,"""en""=>""Microphones and stands therefor (excl. cordless microphones with built-in transmitter); loudspeakers, whether or not mounted in their enclosures; headphones and earphones, whether or not combined with a microphone, and sets consisting of a microphone and one or more loudspeakers (excl. telephone sets, hearing aids and helmets with built-in headphones, whether or not incorporating a microphone); audio-frequency electric amplifiers; electric sound amplifier sets; parts thereof"", ""fr""=>""Microphones et leurs supports (autres que sans fil, avec émetteur incorporé); haut-parleurs, même montés dans leurs enceintes; casques d'écoute et écouteurs, même combinés avec un microphone, et ensembles ou assortiments constitués par un microphone et un ou plusieurs haut-parleurs (autres qu'appareils téléphoniques, prothèses auditives et casques avec écouteurs incorporés, même avec microphone); amplificateurs électriques d'audiofréquence; appareils électriques d'amplification du son, et leurs parties""",84,"2020-08-31 07:24:26.959445","2020-08-31 07:24:26.959445",NULL,0,11
10731,NULL,NULL,"8519","8519",NULL,"""en""=>""Sound recording or sound reproducing apparatus"", ""fr""=>""Appareils d'enregistrement du son; appareils de reproduction du son; appareils d'enregistrement et de reproduction du son""",84,"2020-08-31 07:24:26.959445","2020-08-31 07:24:26.959445",NULL,0,11
10740,NULL,NULL,"8521","8521",NULL,"""en""=>""Video recording or reproducing apparatus, whether or not incorporating a video tuner (excl. video camera recorders)"", ""fr""=>""Appareils d'enregistrement ou de reproduction vidéophoniques, incorporant également un récepteur de signaux vidéophoniques (à l'excl. des caméscopes)""",84,"2020-08-31 07:24:26.959445","2020-08-31 07:24:26.959445",NULL,0,11
10745,NULL,NULL,"8522","8522",NULL,"""en""=>""Parts and accessories suitable for use solely or principally with sound reproducing and recording apparatus and with video equipment for recording and reproducing pictures and sound"", ""fr""=>""Parties et accessoires reconnaissables comme étant exclusivement ou principalement destinés aux appareils d'enregistrement et de reproduction du son et aux appareils d'enregistrement et de reproduction vidéophonique""",84,"2020-08-31 07:24:26.959445","2020-08-31 07:24:26.959445",NULL,0,11
10748,NULL,NULL,"8523","8523",NULL,"""en""=>""Discs, tapes, solid-state non-volatile storage devices, \""smart cards\"" and other media for the recording of sound or of other phenomena, whether or not recorded, incl. matrices and masters for the production of discs (excl. products of chapter 37)"", ""fr""=>""Disques, bandes, dispositifs de stockage rémanent des données à base de semi-conducteurs, 'cartes intelligentes' et autres supports pour l'enregistrement du son ou pour enregistrements analogues, mêmes enregistrés, y.c. les matrices et moules galvaniques pour la fabrication des disques (sauf produits du chapitre 37)""",84,"2020-08-31 07:24:26.959445","2020-08-31 07:24:26.959445",NULL,0,11
10773,NULL,NULL,"8525","8525",NULL,"""en""=>""Transmission apparatus for radio-broadcasting or television, whether or not incorporating reception apparatus or sound recording or reproducing apparatus; television cameras, digital cameras and video camera recorders"", ""fr""=>""Appareils d'émission pour la radiodiffusion ou la télévision, même incorporant un appareil de réception ou un appareil d'enregistrement ou de reproduction du son; caméras de télévision, appareils photographiques numériques et caméscopes""",84,"2020-08-31 07:24:26.959445","2020-08-31 07:24:26.959445",NULL,0,11
10782,NULL,NULL,"8526","8526",NULL,"""en""=>""Radar apparatus, radio navigational aid apparatus and radio remote control apparatus"", ""fr""=>""Appareils de radiodétection et de radiosondage [radar], appareils de radionavigation et appareils de radiotélécommande""",84,"2020-08-31 07:24:26.959445","2020-08-31 07:24:26.959445",NULL,0,11
10788,NULL,NULL,"8527","8527",NULL,"""en""=>""Reception apparatus for radio-broadcasting, whether or not combined, in the same housing, with sound recording or reproducing apparatus or a clock"", ""fr""=>""Appareils récepteurs pour la radiodiffusion, même combinés, sous une même enveloppe, à un appareil d'enregistrement ou de reproduction du son ou à un appareil d'horlogerie""",84,"2020-08-31 07:24:26.959445","2020-08-31 07:24:26.959445",NULL,0,11
10803,NULL,NULL,"8528","8528",NULL,"""en""=>""Monitors and projectors, not incorporating television reception apparatus; reception apparatus for television, whether or not incorporating radio-broadcast receivers or sound or video recording or reproducing apparatus"", ""fr""=>""Moniteurs et projecteurs, n'incorporant pas d'appareil de réception de télévision; appareils récepteurs de télévision, même incorporant un appareil récepteur de radiodiffusion ou un appareil d'enregistrement ou de reproduction du son ou des images""",84,"2020-08-31 07:24:26.959445","2020-08-31 07:24:26.959445",NULL,0,11
10832,"2630","263040","8529","8529 10 30",16,"""en""=>""Outside aerials for radio or television broadcast receivers"", ""fr""=>""Antennes d'extérieur pour récepteurs de radiodiffusion et de télévision""",84,"2020-08-31 07:24:26.959445","2020-08-31 07:24:26.959445",NULL,0,11
10846,NULL,NULL,"8530","8530",NULL,"""en""=>""Electrical signalling, safety or traffic control equipment for railways, tramways, roads, inland waterways, parking facilities, port installations or airfields (excl. mechanical or electromechanical equipment of heading 8608); parts thereof"", ""fr""=>""Appareils électriques de signalisation (autres que pour la transmission de messages), de sécurité, de contrôle ou de commande pour voies ferrées ou simil., voies routières ou fluviales, aires ou parcs de stationnement, installations portuaires ou aérodromes, et leurs parties (autres que les appareils mécaniques ou électromécaniques du n° 8608)""",84,"2020-08-31 07:24:26.959445","2020-08-31 07:24:26.959445",NULL,0,12
10850,NULL,NULL,"8531","8531",NULL,"""en""=>""Electric sound or visual signalling apparatus, e.g. bells, sirens, indicator panels, burglar or fire alarms (excl. those for cycles, motor vehicles and traffic signalling); parts thereof"", ""fr""=>""Appareils électriques de signalisation acoustique ou visuelle, et leurs parties (sonneries, sirènes, tableaux annonciateurs, appareils avertisseurs pour la protection contre le vol ou l'incendie, p.ex.) (autres que pour les véhicules automobiles, les bicyclettes ou les voies de communication)""",84,"2020-08-31 07:24:26.959445","2020-08-31 07:24:26.959445",NULL,0,12
10862,NULL,NULL,"8532","8532",NULL,"""en""=>""Electrical capacitors, fixed, variable or adjustable \""pre-set\""; parts thereof"", ""fr""=>""Condensateurs électriques, fixes, variables ou ajustables, et leurs parties""",84,"2020-08-31 07:24:26.959445","2020-08-31 07:24:26.959445",NULL,0,12
10872,NULL,NULL,"8533","8533",NULL,"""en""=>""Electrical resistors, incl. rheostats and potentiometers (excl. heating resistors); parts thereof"", ""fr""=>""Résistances électriques non chauffantes, et leurs parties, y.c. les rhéostats et les potentiomètres""",84,"2020-08-31 07:24:26.959445","2020-08-31 07:24:26.959445",NULL,0,12
12647,NULL,NULL,"8534","8534",NULL,"""en""=>""Printed circuits"", ""fr""=>""Circuits imprimés""",84,"2020-09-17 09:06:10.164221","2020-09-17 09:06:10.164221",NULL,0,11
10886,NULL,NULL,"8535","8535",NULL,"""en""=>""Electrical apparatus for switching or protecting electrical circuits, or for making connections to or in electrical circuits, e.g., switches, fuses, lightning arresters, voltage limiters, surge suppressors, plugs and other connectors, junction boxes, for a voltage > 1.000 V (excl. control desks, cabinets, panels etc. of heading 8537)"", ""fr""=>""Appareillage pour la coupure, le sectionnement, la protection, le branchement, le raccordement ou la connexion des circuits électriques (interrupteurs, commutateurs, coupe-circuit, parafoudres, limiteurs de tension, étaleurs d'ondes, prises de courant et autres connecteurs, boîtes de jonction, p.ex.), pour une tension > 1000 V (sauf armoires, pupitres, commandes etc. du n° 8537)""",84,"2020-08-31 07:24:26.959445","2020-08-31 07:24:26.959445",NULL,0,12
10908,"2712","271224","8536","8536 41 10",16,"""en""=>""Relays for a voltage <= 60 V, for a current <= 2 A"", ""fr""=>""Relais pour une tension <= 60 V, pour une intensité <= 2 A""",84,"2020-08-31 07:24:26.959445","2020-08-31 07:24:26.959445",NULL,0,12
10932,NULL,NULL,"8537","8537",NULL,"""en""=>""Boards, panels, consoles, desks, cabinets and other bases, equipped with two or more apparatus of heading 8535 or 8536, for electric control or the distribution of electricity, incl. those incorporating instruments or apparatus of chapter 90, and numerical control apparatus (excl. switching apparatus for line telephony or line telegraphy)"", ""fr""=>""Tableaux, panneaux, consoles, pupitres, armoires et autres supports comportant plusieurs appareils des n° 8535 ou 8536, pour la commande ou la distribution électrique, y.c. ceux incorporant des instruments ou appareils du chapitre 90 ainsi que les armoires de commande numérique (autres que les appareils de commutation pour la téléphonie et la télégraphie par fil et les visiophones)""",84,"2020-08-31 07:24:26.959445","2020-08-31 07:24:26.959445",NULL,0,12
10941,NULL,NULL,"8538","8538",NULL,"""en""=>""Parts suitable for use solely or principally with the apparatus of heading 8535, 8536 or 8537, n.e.s."", ""fr""=>""Parties reconnaissables comme étant exclusivement ou principalement destinées aux appareils des n° 8535, 8536 ou 8537, n.d.a.""",84,"2020-08-31 07:24:26.959445","2020-08-31 07:24:26.959445",NULL,0,12
10970,"2740","274015","8539","8539 41 00",16,"""en""=>""Arc lamps"", ""fr""=>""Lampes à arc""",84,"2020-08-31 07:24:26.959445","2020-08-31 07:24:26.959445",NULL,0,12
10976,NULL,NULL,"8540","8540",NULL,"""en""=>""Thermionic, cold cathode or photo-cathode valves and tubes, e.g. vacuum or vapour or gas filled valves and tubes, mercury arc rectifying valves and tubes, cathode ray tubes and television camera tubes; parts thereof"", ""fr""=>""Lampes, tubes et valves électroniques à cathode chaude, à cathode froide ou à photocathode (lampes, tubes et valves à vide, à vapeur ou à gaz, tubes redresseurs à vapeur de mercure, tubes cathodiques, tubes et valves pour caméras de télévision, p.ex., et leurs parties""",84,"2020-08-31 07:24:26.959445","2020-08-31 07:24:26.959445",NULL,0,11
10991,"2611","261121","8541","8541 10 00",16,"""en""=>""Diodes (excl. photosensitive or light emitting diodes \""LED\"")"", ""fr""=>""Diodes (sauf photodiodes et diodes émettrices de lumière 'LED')""",84,"2020-08-31 07:24:26.959445","2020-08-31 07:24:26.959445",NULL,0,11
11001,NULL,NULL,"8542","8542",NULL,"""en""=>""Electronic integrated circuits; parts thereof"", ""fr""=>""Circuits intégrés électroniques, et leurs parties""",84,"2020-08-31 07:24:26.959445","2020-08-31 07:24:26.959445",NULL,0,11
11025,NULL,NULL,"8543","8543",NULL,"""en""=>""Electrical machines and apparatus, having individual functions, n.e.s. in chapter 85 and parts thereof"", ""fr""=>""Machines et appareils électriques ayant une fonction propre, n.d.a. dans le chapitre 85, et leurs parties""",84,"2020-08-31 07:24:26.959445","2020-08-31 07:24:26.959445",NULL,0,12
11056,"2732","273213","8544","8544 42 10",16,"""en""=>""Electric conductors of a kind used for telecommunications, for a voltage <= 1.000 V, insulated, fitted with connectors, n.e.s."", ""fr""=>""Conducteurs électriques des types utilisés pour les télécommunications, pour tension <= 1000 V, avec pièces de connexion, n.d.a.""",84,"2020-08-31 07:24:26.959445","2020-08-31 07:24:26.959445",NULL,0,12
11068,NULL,NULL,"8545","8545",NULL,"""en""=>""Carbon electrodes, carbon brushes, lamp carbons, battery carbons and other articles of graphite or other carbon, with or without metal, of a kind used for electrical purposes"", ""fr""=>""Électrodes en charbon, balais en charbon, charbons pour lampes ou pour piles et autres articles en graphite ou en autre carbone, avec ou sans métal, pour usages électriques""",84,"2020-08-31 07:24:26.959445","2020-08-31 07:24:26.959445",NULL,0,12
11077,"2343","234310","8546","8546 20 00",16,"""en""=>""Electrical insulators of ceramics (excl. insulating fittings)"", ""fr""=>""Isolateurs en céramique, pour l'électricité (sauf pièces isolantes)""",84,"2020-08-31 07:24:26.959445","2020-08-31 07:24:26.959445",NULL,0,9
11081,NULL,NULL,"8547","8547",NULL,"""en""=>""Insulating fittings for electrical machines, appliances or equipment, being fittings wholly of insulating material apart from any minor components of metal, e.g., threaded sockets, incorporated during moulding solely for purposes of assembly (other than insulators of heading 8546); electrical conduit tubing and joints therefor, of base metal lined with insulating material"", ""fr""=>""Pièces isolantes, entièrement en matières isolantes ou comportant de simples pièces métalliques d'assemblage (douilles à pas de vis, p.ex.) noyées dans la masse, pour machines, appareils ou installations électriques (autres que les isolateurs du n° 8546); tubes isolateurs pour usages électriques, y.c. leurs pièces de raccordement, en métaux communs, isolés intérieurement""",84,"2020-08-31 07:24:26.959445","2020-08-31 07:24:26.959445",NULL,0,12
11085,NULL,NULL,"8548","8548",NULL,"""en""=>""Waste and scrap of primary cells, primary batteries and electric accumulators; spent primary cells, spent primary batteries and spent electric accumulators; electrical parts of machinery or apparatus, not specified or included elsewhere in chapter 85"", ""fr""=>""Déchets et débris de piles, de batteries de piles et d'accumulateurs électriques; piles et batteries de piles électriques hors d'usage et accumulateurs électriques hors d'usage; parties électriques de machines ou d'appareils, n.d.a. dans le chapitre 85""",84,"2020-08-31 07:24:26.959445","2020-08-31 07:24:26.959445",NULL,0,17
11096,NULL,NULL,"8601","8601",NULL,"""en""=>""Rail locomotives powered from an external source of electricity or by electric accumulators"", ""fr""=>""Locomotives et locotracteurs, à source extérieure d'électricité ou à accumulateurs électriques""",85,"2020-08-31 07:24:26.959445","2020-08-31 07:24:26.959445",NULL,0,14
11099,NULL,NULL,"8602","8602",NULL,"""en""=>""Rail locomotives (excl. those powered from an external source of electricity or by accumulators); locomotive tenders"", ""fr""=>""Locomotives et locotracteurs (à l'excl. de celles à source extérieure d'électricité ou à accumulateurs électriques); tenders""",85,"2020-08-31 07:24:26.959445","2020-08-31 07:24:26.959445",NULL,0,14
11102,NULL,NULL,"8603","8603",NULL,"""en""=>""Self-propelled railway or tramway coaches, vans and trucks (excl. those of heading 8604)"", ""fr""=>""Automotrices et autorails (à l'excl. des véhicules pour l'entretien ou le service des voies ferrées ou simil. du n° 8604)""",85,"2020-08-31 07:24:26.959445","2020-08-31 07:24:26.959445",NULL,0,14
12358,"3020","302031","8604","8604 00",17,"""en""=>""Railway or tramway maintenance or service vehicles, whether or not self-propelled, e.g., workshops, cranes, ballast tampers, trackliners, testing coaches and track inspection vehicles"", ""fr""=>""Véhicules pour l'entretien ou le service des voies ferrées ou simil., même autopropulsés (wagons-ateliers, wagons-grues, wagons équipés de bourreuses à ballast, aligneuses pour voies, voitures d'essais et draisines, p.ex.)""",85,"2020-09-17 09:06:10.164221","2020-09-17 09:06:10.164221",NULL,0,NULL
12359,"3020","302032","8605","8605 00",17,"""en""=>""Railway or tramway passenger coaches, luggage vans, post office coaches and other special purpose railway or tramway coaches (excl. self-propelled railway or tramway coaches, vans and trucks, railway or tramway maintenance or service vehicles and goods vans and wagons)"", ""fr""=>""Voitures à voyageurs, fourgons à bagages, voitures postales et autres voitures spéciales, pour voies ferrées ou simil. à source extérieure d'électricité (à l'excl. des voitures autopropulsées, des véhicules pour l'entretien ou le service des voies ferrées et simil. ainsi que des voitures pour le transport des marchandises)""",85,"2020-09-17 09:06:10.164221","2020-09-17 09:06:10.164221",NULL,0,NULL
11107,NULL,NULL,"8606","8606",NULL,"""en""=>""Railway or tramway goods vans and wagons (excl. self-propelled and luggage vans and post office coaches)"", ""fr""=>""Wagons pour le transport sur rail de marchandises (à l'excl. des fourgons à bagages et des voitures postales)""",85,"2020-08-31 07:24:26.959445","2020-08-31 07:24:26.959445",NULL,0,14
11115,NULL,NULL,"8607","8607",NULL,"""en""=>""Parts of railway or tramway locomotives or rolling stock, n.e.s."", ""fr""=>""Parties de véhicules pour voies ferrées ou simil., n.d.a.""",85,"2020-08-31 07:24:26.959445","2020-08-31 07:24:26.959445",NULL,0,14
12360,"3020","302040","8608","8608 00",17,"""en""=>""Railway or tramway track fixtures and fittings (excl. sleepers of wood, concrete or steel, sections of track and other track fixtures not yet assembled and railway or tramway track construction material); mechanical, incl. electromechanical, signalling, safety or traffic control equipment for railways, tramways, roads, inland waterways, parking facilities, port installations or airfields; parts of the foregoing"", ""fr""=>""Matériel fixe de voies ferrées ou simil. (sauf traverses en bois, béton ou acier, files de rail et autres éléments de voies ferrées non encore montés); appareils mécaniques, y.c. électromécaniques, de signalisation, de sécurité, de contrôle ou de commande pour voies ferrées ou simil., routières ou fluviales, aires ou parcs de stationnement, installations portuaires ou aérodromes; leurs parties, n.d.a""",85,"2020-09-17 09:06:10.164221","2020-09-17 09:06:10.164221",NULL,0,NULL
12648,NULL,NULL,"8609","8609",NULL,"""en""=>""Containers, incl. containers for the transport of fluids, specially designed and equipped for carriage by one or more modes of transport"", ""fr""=>""Cadres et conteneurs (y.c. les conteneurs-citernes et les conteneurs-réservoirs) spécialement conçus et équipés pour un ou plusieurs modes de transport""",85,"2020-09-17 09:06:10.164221","2020-09-17 09:06:10.164221",NULL,0,14
11136,NULL,NULL,"8701","8701",NULL,"""en""=>""Tractors (other than tractors of heading 8709)"", ""fr""=>""Tracteurs (à l'excl. des chariots-tracteurs du n° 8709)""",86,"2020-08-31 07:24:26.959445","2020-08-31 07:24:26.959445",NULL,0,13
11157,NULL,NULL,"8702","8702",NULL,"""en""=>""Motor vehicles for the transport of >= 10 persons, incl. driver"", ""fr""=>""Véhicules automobiles pour le transport de >= 10 personnes, chauffeur inclus""",86,"2020-08-31 07:24:26.959445","2020-08-31 07:24:26.959445",NULL,0,14
11176,NULL,NULL,"8703","8703",NULL,"""en""=>""Motor cars and other motor vehicles principally designed for the transport of <10 persons, incl. station wagons and racing cars (excl. motor vehicles of heading 8702)"", ""fr""=>""Voitures de tourisme et autres véhicules automobiles principalement conçus pour le transport de moins de 10 personnes, y compris les voitures du type «break» et les voitures de course (à l’exclusion des véhicules de la position 8702)""",86,"2020-08-31 07:24:26.959445","2020-08-31 07:24:26.959445",NULL,0,14
11227,"2910","291041","8704","8704 22 10",17,"""en""=>""Motor vehicles, with compression-ignition internal combustion piston engine \""diesel or semi-diesel engine\"" of a gross vehicle weight > 5 t but <= 20 t, for the transport of highly radioactive materials [Euratom]"", ""fr""=>""Véhicules à moteur à piston à allumage par compression (moteur diesel ou semi-diesel), poids en charge maximal > 5 t mais <= 20 t, pour le transport des produits à forte radioactivité [Euratom]""",86,"2020-08-31 07:24:26.959445","2020-08-31 07:24:26.959445",NULL,0,14
11249,"2910","291059","8705","8705 40 00",17,"""en""=>""Concrete-mixer lorries"", ""fr""=>""Camions-bétonnières""",86,"2020-08-31 07:24:26.959445","2020-08-31 07:24:26.959445",NULL,0,14
12649,NULL,NULL,"8706","8706",NULL,"""en""=>""Chassis fitted with engines, for tractors, motor vehicles for the transport of ten or more persons, motor cars and other motor vehicles principally designed for the transport of persons, motor vehicles for the transport of goods and special purpose motor vehicles of heading 8701 to 8705 (excl. those with engines and cabs)"", ""fr""=>""Châssis de tracteurs, véhicules pour le transport de >= 10 personnes, chauffeur inclus, voitures de tourisme, véhicules pour le transport de marchandises et véhicules à usages spéciaux du n° 8701 à 8705, équipés de leur moteur (sauf avec moteur et cabine)""",86,"2020-09-17 09:06:10.164221","2020-09-17 09:06:10.164221",NULL,0,14
11258,NULL,NULL,"8707","8707",NULL,"""en""=>""Bodies, incl. cabs, for tractors, motor vehicles for the transport of ten or more persons, motor cars and other motor vehicles principally designed for the transport of persons, motor vehicles for the transport of goods and special purpose motor vehicles of heading 8701 to 8705"", ""fr""=>""Carrosseries de tracteurs, véhicules pour le transport de >= 10 personnes, chauffeur inclus, voitures de tourisme, véhicules pour le transport de marchandises et véhicules à usages spéciaux des n° 8701 à 8705, y.c. les cabines""",86,"2020-08-31 07:24:26.959445","2020-08-31 07:24:26.959445",NULL,0,14
11265,NULL,NULL,"8708","8708",NULL,"""en""=>""Parts and accessories for tractors, motor vehicles for the transport of ten or more persons, motor cars and other motor vehicles principally designed for the transport of persons, motor vehicles for the transport of goods and special purpose motor vehicles of heading 8701 to 8705, n.e.s."", ""fr""=>""Parties et accessoires de tracteurs, véhicules pour le transport de >= 10 personnes, chauffeur inclus, voitures de tourisme, véhicules pour le transport de marchandises et véhicules à usages spéciaux des n° 8701 à 8705, n.d.a""",86,"2020-08-31 07:24:26.959445","2020-08-31 07:24:26.959445",NULL,0,14
11334,"2822","282219","8709","8709 90 00",17,"""en""=>""Parts of self-propelled works trucks, not fitted with lifting or handling equipment, of the type used in factories, warehouses, dock areas or airports for short distance transport of goods, incl. tractors for railways station platforms, n.e.s."", ""fr""=>""Parties de chariots automobiles non munis d'un dispositif de levage, des types utilisés pour le transport des marchandises sur de courtes distances, y.c. les chariots-tracteurs des types utilisés dans les gares, n.d.a.""",86,"2020-08-31 07:24:26.959445","2020-08-31 07:24:26.959445",NULL,0,13
12361,"3040","304010","8710","8710 00",17,"""en""=>""Tanks and other armoured fighting vehicles, motorised, whether or not fitted with weapons, and parts of such vehicles, n.e.s."", ""fr""=>""Chars et automobiles blindés de combat, armés ou non; leurs parties, n.d.a.""",86,"2020-09-17 09:06:10.164221","2020-09-17 09:06:10.164221",NULL,0,NULL
11339,"3091","309112","8711","8711 20 10",17,"""en""=>""Scooters of cylinder capacity > 50 cm³ but <= 250 cm³"", ""fr""=>""Scooters, cylindrée > 50 cm³ mais <= 250 cm³""",86,"2020-08-31 07:24:26.959445","2020-08-31 07:24:26.959445",NULL,0,14
12650,NULL,NULL,"8712","8712",NULL,"""en""=>""Bicycles and other cycles, incl. delivery tricycles, not motorised"", ""fr""=>""Bicyclettes et autres cycles (y.c. les triporteurs), sans moteur""",86,"2020-09-17 09:06:10.164221","2020-09-17 09:06:10.164221",NULL,0,14
11354,NULL,NULL,"8713","8713",NULL,"""en""=>""Carriages for disabled persons, whether or not motorised or otherwise mechanically propelled (excl. specially designed motor vehicles and bicycles)"", ""fr""=>""Fauteuils roulants et autres véhicules pour invalides, même avec moteur ou autre mécanisme de propulsion (sauf automobiles et bicyclettes munies de dispositifs spéciaux)""",86,"2020-08-31 07:24:26.959445","2020-08-31 07:24:26.959445",NULL,0,14
11371,"3092","309230","8714","8714 92 10",17,"""en""=>""Rims for cycles (excl. for motorcycles)"", ""fr""=>""Jantes de cycles (à l'excl. de motocycles)""",86,"2020-08-31 07:24:26.959445","2020-08-31 07:24:26.959445",NULL,0,14
12651,NULL,NULL,"8715","8715",NULL,"""en""=>""Baby carriages and parts thereof, n.e.s."", ""fr""=>""Landaus, poussettes et voitures simil., pour le transport des enfants, et leurs parties, n.d.a.""",86,"2020-09-17 09:06:10.164221","2020-09-17 09:06:10.164221",NULL,0,14
11390,NULL,NULL,"8716","8716",NULL,"""en""=>""Trailers and semi-trailers; other vehicles, not mechanically propelled (excl. railway and tramway vehicles); parts thereof, n.e.s."", ""fr""=>""Remorques et semi-remorques pour tous véhicules; autres véhicules (non automobiles, ne circulant pas sur rails); leurs parties, n.d.a.""",86,"2020-08-31 07:24:26.959445","2020-08-31 07:24:26.959445",NULL,0,14
12652,NULL,NULL,"8801","8801",NULL,"""en""=>""Balloons and dirigibles; gliders, hang gliders and other non-powered aircraft"", ""fr""=>""Ballons et dirigeables; planeurs, ailes volantes et autres véhicules aériens, non conçus pour la propulsion à moteur""",87,"2020-09-17 09:06:10.164221","2020-09-17 09:06:10.164221",NULL,0,14
11411,NULL,NULL,"8802","8802",NULL,"""en""=>""Powered aircraft \""e.g. helicopters and aeroplanes\""; spacecraft, incl. satellites, and suborbital and spacecraft launch vehicles"", ""fr""=>""Véhicules aériens conçus pour la propulsion à moteur (hélicoptères, avions, p.ex.); véhicules spatiaux, y.c. les satellites, et leurs véhicules lanceurs et véhicules sous-orbitaux""",87,"2020-08-31 07:24:26.959445","2020-08-31 07:24:26.959445",NULL,0,14
11426,"3030","303050","8803","8803 90 10",17,"""en""=>""Parts of kites"", ""fr""=>""Parties de cerfs-volants, n.d.a.""",87,"2020-08-31 07:24:26.959445","2020-08-31 07:24:26.959445",NULL,0,14
12362,"1392","139223","8804","8804 00",17,"""en""=>""Parachutes, incl. dirigible parachutes and paragliders, and rotochutes; parts thereof and accessories thereto, n.e.s."", ""fr""=>""Parachutes, y.c. les parachutes dirigeables et les parapentes, et rotochutes; leurs parties et accessoires, n.d.a.""",87,"2020-09-17 09:06:10.164221","2020-09-17 09:06:10.164221",NULL,0,NULL
11432,NULL,NULL,"8805","8805",NULL,"""en""=>""Aircraft launching gear (excl. motor winches for launching gliders); deck-arrestor or similar gear; ground flying trainers; parts of the foregoing articles, n.e.s."", ""fr""=>""Appareils et dispositifs pour le lancement de véhicules aériens (sauf treuils pour lancer les planeurs); appareils et dispositifs pour l'appontage de véhicules aériens et appareils et dispositifs simil.; appareils au sol d'entraînement au vol; leurs parties, n.d.a.""",87,"2020-08-31 07:24:26.959445","2020-08-31 07:24:26.959445",NULL,0,13
11438,NULL,NULL,"8901","8901",NULL,"""en""=>""Cruise ships, excursion boats, ferry-boats, cargo ships, barges and similar vessels for the transport of persons or goods"", ""fr""=>""Paquebots, bateaux de croisières, transbordeurs, cargos, péniches et bateaux simil. pour le transport de personnes ou de marchandises""",88,"2020-08-31 07:24:26.959445","2020-08-31 07:24:26.959445",NULL,0,14
12653,NULL,NULL,"8902","8902",NULL,"""en""=>""Fishing vessels; factory ships and other vessels for processing or preserving fishery products (excl. fishing boats for sport)"", ""fr""=>""Bateaux de pêche; navires-usines et autres bateaux pour le traitement et la mise en conserve des produits de la pêche (autres que pour la pêche sportive)""",88,"2020-09-17 09:06:10.164221","2020-09-17 09:06:10.164221",NULL,0,14
11454,NULL,NULL,"8903","8903",NULL,"""en""=>""Yachts and other vessels for pleasure or sports; rowing boats and canoes"", ""fr""=>""Yachts et autres bateaux et embarcations de plaisance ou de sport, bateaux à rames et canoës""",88,"2020-08-31 07:24:26.959445","2020-08-31 07:24:26.959445",NULL,0,14
12654,NULL,NULL,"8904","8904",NULL,"""en""=>""Tugs and pusher craft"", ""fr""=>""Remorqueurs et bateaux-pousseurs""",88,"2020-09-17 09:06:10.164221","2020-09-17 09:06:10.164221",NULL,0,14
11476,"3011","301133","8905","8905 10 90",17,"""en""=>""Dredgers (excl. seagoing)"", ""fr""=>""Bateaux-dragueurs (autres que pour la navigation maritime)""",88,"2020-08-31 07:24:26.959445","2020-08-31 07:24:26.959445",NULL,0,14
11481,NULL,NULL,"8906","8906",NULL,"""en""=>""Vessels, incl. warships and lifeboats (excl. rowing boats and other vessels of heading 8901 to 8905 and vessels for breaking up)"", ""fr""=>""Autres bateaux, y.c. les navires de guerre et les bateaux de sauvetage (autres qu'à rames, autres que bateaux des n° 8901 à 8905 et que bateaux à dépecer)""",88,"2020-08-31 07:24:26.959445","2020-08-31 07:24:26.959445",NULL,0,14
11487,NULL,NULL,"8907","8907",NULL,"""en""=>""Rafts, tanks, coffer-dams, landing stages, buoys, beacons and other floating structures (excl. vessels of heading 8901 to 8906 and floating structures for breaking up)"", ""fr""=>""Autres engins flottants (radeaux, réservoirs, caissons, coffres d'amarrage, bouées et balises, p.ex.) (non cités aux n° 8901 à 8906 et autres qu'engins flottants à dépecer)""",88,"2020-08-31 07:24:26.959445","2020-08-31 07:24:26.959445",NULL,0,14
12201,"3811","381141","8908","8908 00",17,"""en""=>""Vessels and other floating structures for breaking up"", ""fr""=>""Bateaux et autres engins flottants à dépecer""",88,"2020-09-17 09:06:10.164221","2020-09-17 09:06:10.164221",NULL,0,NULL
11498,"3250","325041","9001","9001 40 20",18,"""en""=>""Spectacle lenses of glass, not for the correction of vision"", ""fr""=>""Verres de lunetterie en verre, non correcteurs""",89,"2020-08-31 07:24:26.959445","2020-08-31 07:24:26.959445",NULL,0,15
11508,NULL,NULL,"9002","9002",NULL,"""en""=>""Lenses, prisms, mirrors and other optical elements, of any material, mounted, being parts of or fittings for instruments or apparatus (excl. such elements of glass not optically worked)"", ""fr""=>""Lentilles, prismes, miroirs et autres éléments d'optique en toutes matières, montés, pour instruments ou appareils (autres que ceux en verre non travaillé optiquement)""",89,"2020-08-31 07:24:26.959445","2020-08-31 07:24:26.959445",NULL,0,11
11513,NULL,NULL,"9003","9003",NULL,"""en""=>""Frames and mountings for spectacles, goggles or the like, and parts thereof, n.e.s."", ""fr""=>""Montures de lunettes ou d'articles simil. et leurs parties, n.d.a.""",89,"2020-08-31 07:24:26.959445","2020-08-31 07:24:26.959445",NULL,0,15
11517,NULL,NULL,"9004","9004",NULL,"""en""=>""Spectacles, goggles and the like, corrective, protective or other (excl. spectacles for testing eyesight, contact lenses, spectacle lenses and frames and mountings for spectacles)"", ""fr""=>""Lunettes correctrices, protectrices ou autres et articles simil. (à l'excl. des lunettes pour tests visuels, des verres de contact, des verres de lunetterie et des montures de lunettes)""",89,"2020-08-31 07:24:26.959445","2020-08-31 07:24:26.959445",NULL,0,15
11525,NULL,NULL,"9005","9005",NULL,"""en""=>""Binoculars, monoculars, astronomical and other optical telescopes, and mountings therefor; other astronomical instruments and mountings therefor (excl. instruments for radio-astronomy and other instruments or apparatus specified elsewhere)"", ""fr""=>""Jumelles, longues-vues, lunettes astronomiques, télescopes optiques, et leurs bâtis; autres instruments d'astronomie et leurs bâtis (à l'excl. des appareils de radio-astronomie et autres instruments ou appareils, dénommés ou compris ailleurs)""",89,"2020-08-31 07:24:26.959445","2020-08-31 07:24:26.959445",NULL,0,11
11529,NULL,NULL,"9006","9006",NULL,"""en""=>""Photographic cameras, photographic flashlight apparatus and flashbulbs (excl. discharge lamps of heading 8539)"", ""fr""=>""Appareils photographiques; appareils et dispositifs, y.c. les lampes et tubes, pour la production de la lumière-éclair en photographie (à l'excl. des lampes et tubes à décharge du n° 8539)""",89,"2020-08-31 07:24:26.959445","2020-08-31 07:24:26.959445",NULL,0,11
11542,NULL,NULL,"9007","9007",NULL,"""en""=>""Cinematographic cameras and projectors, whether or not incorporating sound recording or reproducing apparatus (excl. video equipment)"", ""fr""=>""Caméras et projecteurs cinématographiques, même incorporant des appareils d'enregistrement ou de reproduction du son (autres que les appareils d'enregistrement ou de reproduction vidéophoniques)""",89,"2020-08-31 07:24:26.959445","2020-08-31 07:24:26.959445",NULL,0,11
11547,NULL,NULL,"9008","9008",NULL,"""en""=>""Image projectors, and photographic enlargers and reducers (excl. cinematographic)"", ""fr""=>""Projecteurs d’images fixes et appareils photographiques d’agrandissement ou de réduction (autres que cinématographiques)""",89,"2020-08-31 07:24:26.959445","2020-08-31 07:24:26.959445",NULL,0,11
11553,"2670","267017","9010","9010 60 00",18,"""en""=>""Projection screens"", ""fr""=>""Écrans pour projections""",89,"2020-08-31 07:24:26.959445","2020-08-31 07:24:26.959445",NULL,0,11
11557,NULL,NULL,"9011","9011",NULL,"""en""=>""Optical microscopes, incl. those for photomicrography, cinephotomicrography or microprojection (excl. binocular microscopes for ophthalmology and instruments, appliances and machines of heading 9031)"", ""fr""=>""Microscopes optiques, y.c. les microscopes pour la photomicrographie, la cinéphotomicrographie ou la microprojection (à l'excl. des microscopes binoculaires pour l'ophtalmologie ainsi que des instruments, appareils et machines du n° 9031)""",89,"2020-08-31 07:24:26.959445","2020-08-31 07:24:26.959445",NULL,0,11
11564,NULL,NULL,"9012","9012",NULL,"""en""=>""Electron microscopes, proton microscopes and diffraction apparatus"", ""fr""=>""Microscopes électroniques, microscopes protoniques et diffractographes""",89,"2020-08-31 07:24:26.959445","2020-08-31 07:24:26.959445",NULL,0,11
11567,NULL,NULL,"9013","9013",NULL,"""en""=>""Liquid crystal devices not constituting articles provided for more specifically in other heading; lasers (excl. laser diodes); other optical appliances and instruments not elsewhere specified in chapter 90"", ""fr""=>""Dispositifs à cristaux liquides ne constituant pas des articles repris plus spécifiquement ailleurs; lasers (autres que les diodes laser); autres appareils et instruments d'optique, n.d.a. dans le présent chapitre""",89,"2020-08-31 07:24:26.959445","2020-08-31 07:24:26.959445",NULL,0,11
11584,"2651","265111","9014","9014 20 80",18,"""en""=>""Instruments and appliances for aeronautical or space navigation (excl. inertial navigation systems, compasses and radio navigational equipment)"", ""fr""=>""Instruments et appareils pour la navigation aérienne ou spatiale (à l'excl. des centrales inertielles, des boussoles et des appareils de radionavigation)""",89,"2020-08-31 07:24:26.959445","2020-08-31 07:24:26.959445",NULL,0,11
11587,NULL,NULL,"9015","9015",NULL,"""en""=>""Surveying, incl. photogrammetrical surveying, hydrographic, oceanographic, hydrological, meteorological or geophysical instruments and appliances (excl. compasses); rangefinders"", ""fr""=>""Instruments et appareils de géodésie, de topographie, d'arpentage, de nivellement, de photogrammétrie, d'hydrographie, d'océanographie, d'hydrologie, de météorologie ou de géophysique (à l'excl. des boussoles); télémètres""",89,"2020-08-31 07:24:26.959445","2020-08-31 07:24:26.959445",NULL,0,11
12655,NULL,NULL,"9016","9016",NULL,"""en""=>""Balances of a sensitivity of 50 mg or better, with or without weights"", ""fr""=>""Balances sensibles à un poids de 5 cg ou moins, avec ou sans poids""",89,"2020-09-17 09:06:10.164221","2020-09-17 09:06:10.164221",NULL,0,11
11608,"2651","265132","9017","9017 20 10",18,"""en""=>""Drawing instruments (excl. drafting tables and machines, plotters)"", ""fr""=>""Instruments de dessin (sauf tables et machines à dessiner, traceurs [plotters])""",89,"2020-08-31 07:24:26.959445","2020-08-31 07:24:26.959445",NULL,0,11
11646,"3250","325013","9018","9018 90 75",18,"""en""=>""Apparatus for nerve stimulation"", ""fr""=>""Appareils pour la stimulation nerveuse""",89,"2020-08-31 07:24:26.959445","2020-08-31 07:24:26.959445",NULL,0,15
11648,NULL,NULL,"9019","9019",NULL,"""en""=>""Mechano-therapy appliances; massage apparatus; psychological aptitude-testing apparatus; ozone therapy, oxygen therapy, aerosol therapy, artificial respiration or other therapeutic respiration apparatus"", ""fr""=>""Appareils de mécanothérapie; appareils de massage; appareils de psychotechnie; appareils d'ozonothérapie, d'oxygénothérapie, d'aérosolthérapie, appareils respiratoires de réanimation et autres appareils de thérapie respiratoire""",89,"2020-08-31 07:24:26.959445","2020-08-31 07:24:26.959445",NULL,0,15
12363,"3299","329959","9020","9020 00",18,"""en""=>""Breathing appliances and gas masks (excl. protective masks having neither mechanical parts nor replaceable filters, and artificial respiration or other therapeutic respiration apparatus)"", ""fr""=>""Appareils respiratoires et masques à gaz (à l'excl. des masques de protection dépourvus de mécanisme et d'élément filtrant amovible ainsi que des appareils respiratoires de réanimation et autres appareils de thérapie respiratoire)""",89,"2020-09-17 09:06:10.164221","2020-09-17 09:06:10.164221",NULL,0,NULL
11654,NULL,NULL,"9021","9021",NULL,"""en""=>""Orthopaedic appliances, incl. crutches, surgical belts and trusses; splints and other fracture appliances; artificial parts of the body; hearing aids and other appliances which are worn or carried, or implanted in the body, to compensate for a defect or disability"", ""fr""=>""Articles et appareils d'orthopédie, y.c. les ceintures et bandages médico-chirurgicaux et les béquilles; attelles, gouttières et autres articles et appareils pour fractures; articles et appareils de prothèse; appareils pour faciliter l'audition aux sourds et autres appareils à tenir à la main, à porter sur la personne ou à implanter dans l'organisme, afin de compenser une déficience ou une infirmité""",89,"2020-08-31 07:24:26.959445","2020-08-31 07:24:26.959445",NULL,0,15
11671,NULL,NULL,"9022","9022",NULL,"""en""=>""Apparatus based on the use of X-rays or of alpha, beta or gamma radiations, whether or not for medical, surgical, dental or veterinary uses, incl. radiography or radiotherapy apparatus, X-ray tubes and other X-ray generators, high tension generators, control panels and desks, screens, examination or treatment tables, chairs and the like"", ""fr""=>""Appareils à rayons X et appareils utilisant les radiations alpha, bêta ou gamma, même à usage médical, chirurgical, dentaire ou vétérinaire, y.c. les appareils de radiophotographie ou de radiothérapie, les tubes à rayons X et autres dispositifs générateurs de rayons X, les générateurs de tension, les pupitres de commande, les écrans, les tables, fauteuils et supports simil. d'examen ou de traitement""",89,"2020-08-31 07:24:26.959445","2020-08-31 07:24:26.959445",NULL,0,11
12656,NULL,NULL,"9023","9023",NULL,"""en""=>""Instruments, apparatus and models designed for demonstrational purposes, e.g. in education or exhibitions, unsuitable for other uses (excl. ground flying trainers of heading 8805, collectors' pieces of heading 9705 and antiques of an age > 100 years of heading 9706)"", ""fr""=>""Instruments, appareils et modèles conçus pour la démonstration, p.ex. dans l'enseignement ou les expositions, non susceptibles d'autres emplois (à l'excl. des appareils au sol d'entraînement au vol du n° 8805, des spécimens pour collections du n° 9705 et des objets d'antiquité ayant > 100 ans d'âge du n° 9706)""",89,"2020-09-17 09:06:10.164221","2020-09-17 09:06:10.164221",NULL,0,15
11685,NULL,NULL,"9024","9024",NULL,"""en""=>""Machines and appliances for testing the hardness, strength, compressibility, elasticity or other mechanical properties of materials, e.g. metals, wood, textiles, paper or plastics"", ""fr""=>""Machines et appareils d'essais de dureté, de traction, de compression, d'élasticité ou d'autres propriétés mécaniques des matériaux (métaux, bois, textiles, papier, matières plastiques, p.ex.)""",89,"2020-08-31 07:24:26.959445","2020-08-31 07:24:26.959445",NULL,0,11
11692,NULL,NULL,"9025","9025",NULL,"""en""=>""Hydrometers, areometers and similar floating instruments, thermometers, pyrometers, barometers, hygrometers and psychrometers, recording or not, and any combination of these instruments"", ""fr""=>""Densimètres, aréomètres, pèse-liquides et instruments flottants simil., thermomètres, pyromètres, baromètres, hygromètres et psychromètres, enregistreurs ou non, même combinés entre eux""",89,"2020-08-31 07:24:26.959445","2020-08-31 07:24:26.959445",NULL,0,11
11702,NULL,NULL,"9026","9026",NULL,"""en""=>""Instruments and apparatus for measuring or checking the flow, level, pressure or other variables of liquids or gases, e.g. flow meters, level gauges, manometers, heat meters (excl. instruments and apparatus of heading 9014, 9015, 9028 or 9032)"", ""fr""=>""Instruments et appareils pour la mesure ou le contrôle du débit, du niveau, de la pression ou d'autres caractéristiques variables des liquides ou des gaz (débitmètres, indicateurs de niveau, manomètres, compteurs de chaleur, p.ex.) (à l'excl. des instruments et appareils des n° 9014, 9015, 9028 ou 9032)""",89,"2020-08-31 07:24:26.959445","2020-08-31 07:24:26.959445",NULL,0,11
11716,NULL,NULL,"9027","9027",NULL,"""en""=>""Instruments and apparatus for physical or chemical analysis, e.g. polarimeters, refractometers, spectrometers, gas or smoke analysis apparatus; instruments and apparatus for measuring or checking viscosity, porosity, expansion, surface tension or the like; instruments and apparatus for measuring or checking quantities of heat, sound or light, incl. exposure meters; microtomes"", ""fr""=>""Instruments et appareils pour analyses physiques ou chimiques, p.ex. polarimètres, réfractomètres, spectromètres, analyseurs de gaz ou de fumées; instruments et appareils pour essais de viscosité, de porosité, de dilatation, de tension superficielle ou simil. ou pour mesures calorimétriques, acoustiques ou photométriques, y.c. les indicateurs de temps de pose; microtomes""",89,"2020-08-31 07:24:26.959445","2020-08-31 07:24:26.959445",NULL,0,11
11729,"2651","265163","9028","9028 10 00",18,"""en""=>""Gas meters, incl. calibrating meters therefor"", ""fr""=>""Compteurs de gaz, y.c. les compteurs pour leur étalonnage""",89,"2020-08-31 07:24:26.959445","2020-08-31 07:24:26.959445",NULL,0,11
11738,NULL,NULL,"9029","9029",NULL,"""en""=>""Revolution counters, production counters, taximeters, milometers, pedometers and the like (excl. gas, liquid and electricity meters); speed indicators and tachometers (excl. those of heading 9014 and 9015); stroboscopes"", ""fr""=>""Compteurs (compteurs de tours, compteurs de production, taximètres, totalisateurs de chemin parcouru, podomètres, p.ex.) (à l'excl. des compteurs de gaz, de liquides et d'électricité); indicateurs de vitesse et tachymètres (autres que ceux des n° 9014 ou 9015); stroboscopes""",89,"2020-08-31 07:24:26.959445","2020-08-31 07:24:26.959445",NULL,0,11
11745,NULL,NULL,"9030","9030",NULL,"""en""=>""Oscilloscopes, spectrum analysers and other instruments and apparatus for measuring or checking electrical quantities (excl. meters of heading 9028); instruments and apparatus for measuring or detecting alpha, beta, gamma, X-ray, cosmic or other ionising radiations"", ""fr""=>""Oscilloscopes, analyseurs de spectre et autres instruments et appareils pour la mesure ou le contrôle de grandeurs électriques; instruments et appareils pour la mesure ou la détection des radiations alpha, bêta, gamma, X, cosmiques ou autres radiations ionisantes""",89,"2020-08-31 07:24:26.959445","2020-08-31 07:24:26.959445",NULL,0,11
11759,NULL,NULL,"9031","9031",NULL,"""en""=>""Measuring or checking instruments, appliances and machines not elsewhere specified in chapter 90; profile projectors"", ""fr""=>""Instruments, appareils et machines de mesure ou de contrôle, n.d.a. dans le présent chapitre; projecteurs de profils""",89,"2020-08-31 07:24:26.959445","2020-08-31 07:24:26.959445",NULL,0,11
11770,NULL,NULL,"9032","9032",NULL,"""en""=>""Regulating or controlling instruments and apparatus (excl. taps, cocks and valves of heading 8481)"", ""fr""=>""Instruments et appareils pour la régulation ou le contrôle automatiques (sauf les articles de robinetterie du n° 8481)""",89,"2020-08-31 07:24:26.959445","2020-08-31 07:24:26.959445",NULL,0,11
12657,NULL,NULL,"9033","9033",NULL,"""en""=>""Parts and accessories for machines, appliances, instruments or other apparatus in chapter 90, specified neither in this chapter nor elsewhere"", ""fr""=>""Parties et accessoires pour machines, appareils, instruments ou articles du chapitre 90, n.d.a. dans le présent chapitre""",89,"2020-09-17 09:06:10.164221","2020-09-17 09:06:10.164221",NULL,0,11
11781,NULL,NULL,"9101","9101",NULL,"""en""=>""Wrist-watches, pocket-watches and other watches, incl. stop-watches, with case of precious metal or of metal clad with precious metal (excl. with backs made of steel)"", ""fr""=>""Montres-bracelets, montres de poche et montres simil., y.c. les compteurs de temps des mêmes types, avec boîte en métaux précieux ou en plaqués ou doublés de métaux précieux (sauf celles dont le fond est en acier)""",90,"2020-08-31 07:24:26.959445","2020-08-31 07:24:26.959445",NULL,0,11
11788,NULL,NULL,"9102","9102",NULL,"""en""=>""Wrist-watches, pocket-watches and other watches, incl. stop-watches (excl. of precious metal or of metal clad with precious metal)"", ""fr""=>""Montres-bracelets, montres de poche et montres simil., y.c. les compteurs de temps du même type (autres que celles en métaux précieux ou en plaqués ou doublés de métaux précieux)""",90,"2020-08-31 07:24:26.959445","2020-08-31 07:24:26.959445",NULL,0,11
11796,NULL,NULL,"9103","9103",NULL,"""en""=>""Clocks with watch movements (excl. wrist-watches, pocket-watches and other watches of heading 9101 or 9102, and instrument panel clocks and the like of heading 9104)"", ""fr""=>""Réveils et pendulettes, à mouvement de montre (autres que montres-bracelets, montres de poche et montres simil. des n° 9101 ou 9102 ainsi que montres de tableaux de bord et montres simil. du n° 9104)""",90,"2020-08-31 07:24:26.959445","2020-08-31 07:24:26.959445",NULL,0,11
12364,"2652","265213","9104","9104 00",18,"""en""=>""Instrument panel clocks and clocks of a similar type for vehicles, aircraft, vessels and other vehicles"", ""fr""=>""Montres de tableaux de bord et montres simil., pour automobiles, véhicules aériens, bateaux ou autres véhicules""",90,"2020-09-17 09:06:10.164221","2020-09-17 09:06:10.164221",NULL,0,NULL
11800,NULL,NULL,"9105","9105",NULL,"""en""=>""Clocks (excl. wrist-watches, pocket-watches and other watches of heading 9101 or 9102, clocks with watch movements of heading 9103, and instrument panel clocks and the like of heading 9104)"", ""fr""=>""Réveils, pendules, horloges et appareils d'horlogerie simil., à mouvement autre que de montre (autres que montres-bracelets, montres de poche et montres simil. des n° 9101 ou 9102, réveils et pendulettes à mouvement de montre du n° 9103 ainsi que montres de tableaux de bord et montres simil. du n° 9104)""",90,"2020-08-31 07:24:26.959445","2020-08-31 07:24:26.959445",NULL,0,11
11807,NULL,NULL,"9106","9106",NULL,"""en""=>""Time of day recording apparatus and apparatus for measuring, recording or otherwise indicating intervals of time, with clock or watch movement or with synchronous motor, e.g. time-registers and time recorders (excl. clocks of heading 9101 to 9105)"", ""fr""=>""Appareils de contrôle du temps et compteurs de temps, à mouvement d'horlogerie ou à moteur synchrone (horloges de pointage, horodateurs et horocompteurs p.ex.) (autres qu'appareils d'horlogerie des n° 9101 à 9105)""",90,"2020-08-31 07:24:26.959445","2020-08-31 07:24:26.959445",NULL,0,11
12365,"2652","265228","9107","9107 00",18,"""en""=>""Time switches with clock or watch movement or with synchronous motor"", ""fr""=>""Interrupteurs horaires et autres appareils permettant de déclencher un mécanisme à temps donné, munis d'un mouvement d'horlogerie ou d'un moteur synchrone""",90,"2020-09-17 09:06:10.164221","2020-09-17 09:06:10.164221",NULL,0,NULL
11811,NULL,NULL,"9108","9108",NULL,"""en""=>""Watch movements, complete and assembled"", ""fr""=>""Mouvements de montres, complets et assemblés""",90,"2020-08-31 07:24:26.959445","2020-08-31 07:24:26.959445",NULL,0,11
11817,NULL,NULL,"9109","9109",NULL,"""en""=>""Clock movements, complete and assembled (excl. watch movements)"", ""fr""=>""Mouvements d'horlogerie complets et assemblés (autres que mouvements de montres)""",90,"2020-08-31 07:24:26.959445","2020-08-31 07:24:26.959445",NULL,0,11
11820,NULL,NULL,"9110","9110",NULL,"""en""=>""Complete, unassembled or partly assembled watch or clock movements or movement sets; incomplete watch or clock movements, assembled; rough watch or clock movements"", ""fr""=>""Mouvements d'horlogerie complets, non assemblés ou partiellement assemblés (chablons); mouvements d'horlogerie incomplets, assemblés; ébauches de mouvements d'horlogerie""",90,"2020-08-31 07:24:26.959445","2020-08-31 07:24:26.959445",NULL,0,11
11831,"2652","265226","9111","9111 90 00",18,"""en""=>""Parts of cases for wrist-watches, pocket-watches and other watches of heading 9101 or 9102, n.e.s."", ""fr""=>""Parties de boîtes de montres-bracelets, de montres de poche et de montres simil. des n° 9101 ou 9102, n.d.a.""",90,"2020-08-31 07:24:26.959445","2020-08-31 07:24:26.959445",NULL,0,11
11832,NULL,NULL,"9112","9112",NULL,"""en""=>""Clock and watch cases and parts thereof, n.e.s. (excl. for wrist-watches, pocket-watches and other watches of heading 9101 or 9102)"", ""fr""=>""Cages et cabinets d'appareils d'horlogerie (autres que de mouvements de montres-bracelets, de montres de poche et de montres simil. des n° 9101 ou 9102), et leurs parties, n.d.a.""",90,"2020-08-31 07:24:26.959445","2020-08-31 07:24:26.959445",NULL,0,11
11837,"3212","321214","9113","9113 10 10",18,"""en""=>""Watch straps, watch bands and watch bracelets, and parts thereof, of precious metal, n.e.s."", ""fr""=>""Bracelets de montres et leurs parties, en métaux précieux, n.d.a.""",90,"2020-08-31 07:24:26.959445","2020-08-31 07:24:26.959445",NULL,0,15
11841,NULL,NULL,"9114","9114",NULL,"""en""=>""Clock or watch parts, n.e.s."", ""fr""=>""Autres fournitures d'horlogerie, n.d.a.""",90,"2020-08-31 07:24:26.959445","2020-08-31 07:24:26.959445",NULL,0,11
11846,NULL,NULL,"9201","9201",NULL,"""en""=>""Pianos, incl. automatic; harpsichords and other keyboard stringed instruments"", ""fr""=>""Pianos, même automatiques; clavecins et autres instruments à cordes à clavier""",91,"2020-08-31 07:24:26.959445","2020-08-31 07:24:26.959445",NULL,0,15
11852,NULL,NULL,"9202","9202",NULL,"""en""=>""String musical instruments, e.g. guitars, violins, and harps (excl. with keyboard)"", ""fr""=>""Guitares, violons, harpes et autres instruments de musique à corde (autres qu'à clavier)""",91,"2020-08-31 07:24:26.959445","2020-08-31 07:24:26.959445",NULL,0,15
11859,NULL,NULL,"9205","9205",NULL,"""en""=>""Wind musical instruments \""e.g. clarinets, trumpets, bagpipes, keyboard pipe organs, harmoniums and similar keyboard instruments with free metal reeds, accordions and similar instruments, mouth organs\"""", ""fr""=>""Instruments de musique à vent (clarinettes, trompettes, cornemuses, orgues à tuyaux et à clavier, harmoniums et instruments simil. à clavier et à anches libres métalliques, accordéons et instruments simil., harmonicas à bouche)""",91,"2020-08-31 07:24:26.959445","2020-08-31 07:24:26.959445",NULL,0,15
12366,"3220","322015","9206","9206 00",18,"""en""=>""Percussion musical instruments, e.g. drums, xylophones, cymbals, castanets, maracas"", ""fr""=>""Instruments de musique à percussion (tambours, caisses, xylophones, cymbales, castagnettes, maracas, p.ex.)""",91,"2020-09-17 09:06:10.164221","2020-09-17 09:06:10.164221",NULL,0,NULL
11867,NULL,NULL,"9207","9207",NULL,"""en""=>""Musical instruments, the sound of which is produced, or must be amplified, electrically, e.g. organs, guitars, accordions"", ""fr""=>""Instruments de musique dont le son est produit ou doit être amplifié par des moyens électriques (orgues, guitares et accordéons, p.ex.)""",91,"2020-08-31 07:24:26.959445","2020-08-31 07:24:26.959445",NULL,0,15
11876,NULL,NULL,"9208","9208",NULL,"""en""=>""Musical boxes, fairground organs, mechanical street organs, mechanical singing birds, musical saws and other musical instruments not falling within any other heading in chapter 92; decoy calls of all kinds; whistles, call horns and other mouth-blown sound signalling instruments"", ""fr""=>""Boîtes à musique, orchestrions, orgues de Barbarie, oiseaux chanteurs, scies musicales et autres instruments de musique non repris dans une autre position du présent chapitre; appeaux de tous types, sifflets, cornes d'appel et autres instruments d'appel ou de signalisation à bouche""",91,"2020-08-31 07:24:26.959445","2020-08-31 07:24:26.959445",NULL,0,15
11879,NULL,NULL,"9209","9209",NULL,"""en""=>""Parts and accessories for musical instruments, e.g. mechanisms for musical boxes, cards, discs and rolls for mechanical instruments, n.e.s; metronomes, tuning forks and pitch pipes of all kinds"", ""fr""=>""Parties et accessoires d'instruments de musique (mécanismes de boîtes à musique, cartes, disques et rouleaux pour appareils à jouer mécaniquement, p.ex.) n.d.a.; métronomes et diapasons de tous types""",91,"2020-08-31 07:24:26.959445","2020-08-31 07:24:26.959445",NULL,0,15
11889,NULL,NULL,"9301","9301",NULL,"""en""=>""Military weapons, incl. sub-machine guns (excl. revolvers and pistols of heading 9302 and cutting and thrusting weapons of heading 9307)"", ""fr""=>""Armes de guerre, y.c. les pistolets-mitrailleurs (autres que revolvers et pistolets du n° 9302 et armes blanches du n° 9307)""",92,"2020-08-31 07:24:26.959445","2020-08-31 07:24:26.959445",NULL,0,10
12367,"2540","254012","9302","9302 00",19,"""en""=>""Revolvers and pistols (excl. those of heading 9303 or 9304 and sub-machine guns for military purposes)"", ""fr""=>""Revolvers et pistolets (autres que ceux des n° 9303 ou 9304 et pistolets-mitrailleurs de guerre)""",92,"2020-09-17 09:06:10.164221","2020-09-17 09:06:10.164221",NULL,0,NULL
11894,NULL,NULL,"9303","9303",NULL,"""en""=>""Firearms and similar devices which operate by the firing of an explosive charge, e.g. sporting shotguns and rifles, muzzle-loading firearms, Very pistols and other devices designed to project signal flares only, pistols and revolvers for firing blank ammunition, captive-bolt humane killers and line-throwing guns (excl. revolvers and pistols of heading 9302 and military weapons)"", ""fr""=>""Armes à feu et engins simil. utilisant la déflagration de la poudre (fusils et carabines de chasse ou de tir sportif, armes à feu chargées uniquement par le canon, pistolets lance-fusées et autres conçus uniquement pour lancer des fusées de signalisation, pistolets et revolvers pour le tir à blanc, pistolets d'abattage à cheville, canons lance-amarres, p.ex.) (sauf revolvers et pistolets du n° 9302 et armes de guerre)""",92,"2020-08-31 07:24:26.959445","2020-08-31 07:24:26.959445",NULL,0,10
12368,"2540","254012","9304","9304 00",19,"""en""=>""Spring, air or gas guns and pistols, truncheons and other non-firearms (excl. swords, cutlasses, bayonettes and similar arms of heading 9307)"", ""fr""=>""Fusils, carabines et pistolets à ressort, à air comprimé ou à gaz, matraques et armes autres qu'à feu (sauf sabres, épées, baïonnettes et autres armes blanches du n° 9307)""",92,"2020-09-17 09:06:10.164221","2020-09-17 09:06:10.164221",NULL,0,NULL
11904,"2540","254014","9305","9305 20 00",19,"""en""=>""Parts and accessories of shotguns or rifles of heading 9303, n.e.s."", ""fr""=>""Parties et accessoires de fusils ou carabines du no 9303, n.d.a.""",92,"2020-08-31 07:24:26.959445","2020-08-31 07:24:26.959445",NULL,0,10
11909,"2540","254013","9306","9306 29 00",19,"""en""=>""Parts of cartridges for smooth-barrelled shotguns; lead shot for air rifles and pistols"", ""fr""=>""Parties de cartouches pour fusils ou carabines à canon lisse; plombs pour carabines et pistolets à air comprimé""",92,"2020-08-31 07:24:26.959445","2020-08-31 07:24:26.959445",NULL,0,10
12369,"2571","257115","9307","9307 00",19,"""en""=>""Swords, cutlasses, bayonets, lances and similar arms and parts thereof, and scabbards and sheaths therefor (excl. of precious metal or of metal clad with precious metal, blunt weapons for fencing, hunting knives and daggers, camping knives and other knives of heading 8211, sword belts and the like of leather or textile materials, and sword knots)"", ""fr""=>""Sabres, épées, baïonnettes, lances et autres armes blanches, leurs parties et leurs fourreaux (autres qu'en métaux précieux ou en plaqués ou doublés de métaux précieux, armes mouchetées destinées à l'escrime, couteaux et poignards de chasse, couteaux de camping et autres articles de coutellerie du n° 8211, ceinturons et articles simil. en cuir ou en matières textiles ainsi que les dragonnes)""",92,"2020-09-17 09:06:10.164221","2020-09-17 09:06:10.164221",NULL,0,NULL
11918,NULL,NULL,"9401","9401",NULL,"""en""=>""Seats, whether or not convertible into beds, and parts thereof, n.e.s. (excl. medical, surgical, dental or veterinary of heading 9402)"", ""fr""=>""Sièges à l'excl. de ceux pour la médecine, la chirurgie, l'art dentaire ou vétérinaire du n° 9402, même transformables en lits, et leurs parties, n.d.a.""",93,"2020-08-31 07:24:26.959445","2020-08-31 07:24:26.959445",NULL,0,15
11935,NULL,NULL,"9402","9402",NULL,"""en""=>""Medical, surgical, dental or veterinary furniture, e.g. operating tables, examination tables, hospital beds with mechanical fittings and dentists' chairs; barbers' chairs and similar chairs having rotating as well as both reclining and elevating movement; parts thereof"", ""fr""=>""Mobilier pour la médecine, la chirurgie, l'art dentaire ou l'art vétérinaire (tables d'opérations, tables d'examen, lits à mécanisme pour usages cliniques, fauteuils de dentistes, p.ex.); fauteuils pour salons de coiffure et fauteuils simil., avec dispositif à la fois d'orientation et d'élévation; parties de ces articles""",93,"2020-08-31 07:24:26.959445","2020-08-31 07:24:26.959445",NULL,0,15
11956,"3109","310912","9403","9403 50 00",19,"""en""=>""Wooden furniture for bedrooms (excl. seats)"", ""fr""=>""Meubles pour chambres à coucher, en bois (sauf sièges)""",93,"2020-08-31 07:24:26.959445","2020-08-31 07:24:26.959445",NULL,0,15
11969,NULL,NULL,"9404","9404",NULL,"""en""=>""Mattress supports (excl. spring interiors for seats); articles of bedding and similar furnishing, e.g. mattresses, quilts, eiderdowns, cushions, pouffes and pillows, fitted with springs or stuffed or internally filled with any material or of cellular rubber or plastics, whether or not covered (excl. pneumatic or water mattresses and pillows, blankets and covers)"", ""fr""=>""Sommiers (sauf ressorts pour sièges); articles de literie et articles simil. (matelas couvre-pieds, édredons, coussins, poufs, oreillers, p.ex.) comportant des ressorts ou bien rembourrés ou garnis intérieurement de toutes matières, y.c. ceux en caoutchouc alvéolaire ou en matières plastiques alvéolaires, recouverts ou non (sauf matelas à eau, matelas pneumatiques et oreillers, couvertures et draps)""",93,"2020-08-31 07:24:26.959445","2020-08-31 07:24:26.959445",NULL,0,15
12003,"2740","274023","9405","9405 50 00",19,"""en""=>""Non-electrical lamps and lighting fittings, n.e.s."", ""fr""=>""Appareils d'éclairage non électriques, n.d.a.""",93,"2020-08-31 07:24:26.959445","2020-08-31 07:24:26.959445",NULL,0,12
12012,NULL,NULL,"9406","9406",NULL,"""en""=>""Prefabricated buildings, whether or not complete or already assembled"", ""fr""=>""Constructions préfabriquées, même incomplètes ou non assemblées""",93,"2020-08-31 07:24:26.959445","2020-08-31 07:24:26.959445",NULL,0,5
12658,NULL,NULL,"9503","9503",NULL,"""en""=>""Tricycles, scooters, pedal cars and similar wheeled toys; dolls' carriages; dolls; other toys; reduced-size \""scale\"" recreational models, working or not; puzzles of all kinds"", ""fr""=>""Tricycles, trottinettes, autos à pédales et jouets à roues similaires; landaus et poussettes pour poupées; poupées; autres jouets; modèles réduits pour le divertissement, animés ou non; puzzles de tout genre""",94,"2020-09-17 09:06:10.164221","2020-09-17 09:06:10.164221",NULL,0,15
12039,NULL,NULL,"9504","9504",NULL,"""en""=>""Video game consoles and machines, articles for funfair, table or parlour games, incl. pintables, billiards, special tables for casino games and automatic bowling alley equipment"", ""fr""=>""Consoles et machines de jeux vidéo, articles pour jeux de société, y.c. les jeux à moteur ou à mouvement, les billards, les tables spéciales pour jeux de casino et les jeux de quilles automatiques [p.ex. bowlings]""",94,"2020-08-31 07:24:26.959445","2020-08-31 07:24:26.959445",NULL,0,15
12050,NULL,NULL,"9505","9505",NULL,"""en""=>""Festival, carnival or other entertainment articles, incl. conjuring tricks and novelty jokes, n.e.s."", ""fr""=>""Articles pour fêtes, carnaval ou autres divertissements, y.c. les articles de magie et articles-surprises, n.d.a.""",94,"2020-08-31 07:24:26.959445","2020-08-31 07:24:26.959445",NULL,0,15
12055,NULL,NULL,"9506","9506",NULL,"""en""=>""Articles and equipment for general physical exercise, gymnastics, athletics, other sports, incl. table-tennis, or outdoor games, not specified or included in this chapter or elsewhere; swimming pools and paddling pools."", ""fr""=>""Articles et matériel pour l'éducation physique, la gymnastique, l'athlétisme, les autres sports, y.c. le tennis de table, ou les jeux de plein air, n.d.a.; piscines et pataugeoires""",94,"2020-08-31 07:24:26.959445","2020-08-31 07:24:26.959445",NULL,0,15
12088,NULL,NULL,"9507","9507",NULL,"""en""=>""Fishing rods, fish-hooks and other line fishing tackle n.e.s; fish landing nets, butterfly nets and similar nets; decoys and similar hunting or shooting requisites (excl. those of heading 9208 and 9705)"", ""fr""=>""Cannes à pêche, hameçons et autres articles pour la pêche à la ligne n.d.a.; épuisettes de pêche, filets à papillons, et autres filets simil.; leurres (autres que ceux des n° 9208 ou 9705) et articles de chasse simil.""",94,"2020-08-31 07:24:26.959445","2020-08-31 07:24:26.959445",NULL,0,15
12095,NULL,NULL,"9508","9508",NULL,"""en""=>""Roundabouts, swings, shooting galleries and other fairground amusements; travelling circuses and travelling menageries; travelling theatres (excl. booths, incl. the goods on sale, goods for distribution as prizes, gaming machines accepting coins or tokens, and tractors and other transport vehicles, incl. normal trailers)"", ""fr""=>""Manèges, balançoires, stands de tir et autres attractions foraines; cirques ambulants et ménageries ambulantes; théâtres ambulants (sauf installations foraines pour la vente de marchandises, y.c. de certaines marchandises, articles offerts en prix, jeux fonctionnant par l'introduction d'une pièce de monnaie ou d'un jeton, tracteurs et véhicules de transport, y.c. remorques traditionnelles)""",94,"2020-08-31 07:24:26.959445","2020-08-31 07:24:26.959445",NULL,0,13
12098,NULL,NULL,"9601","9601",NULL,"""en""=>""Worked ivory, bone, tortoiseshell, horn, antlers, coral, mother-of-pearl and other animal carving material, and articles of these material, incl. articles obtained by moulding, n.e.s."", ""fr""=>""Ivoire, os, écaille de tortue, corne, bois d'animaux, corail, nacre et autres matières animales à tailler, travaillés, et ouvrages en ces matières, y.c. les ouvrages obtenus par moulage, n.d.a.""",95,"2020-08-31 07:24:26.959445","2020-08-31 07:24:26.959445",NULL,0,15
12370,"3299","329959","9602","9602 00",19,"""en""=>""Worked vegetable or mineral carving material and articles of these materials n.e.s; moulded or carved articles of wax, of paraffin, of stearin, of natural gums or natural resins or of modelling pastes, and other moulded or carved articles n.e.s; worked, unhardened gelatin, and articles of unhardened gelatin, n.e.s."", ""fr""=>""Matières végétales ou minérales à tailler, travaillées, et ouvrages en ces matières, n.d.a.; ouvrages moulés ou taillés en cire, en paraffine, en stéarine, en gommes ou résines naturelles, en pâtes à modeler, et autres ouvrages moulés ou taillés, n.d.a.; gélatine non durcie, travaillée et ouvrages en cette matière""",95,"2020-09-17 09:06:10.164221","2020-09-17 09:06:10.164221",NULL,0,NULL
12102,NULL,NULL,"9603","9603",NULL,"""en""=>""Brooms, brushes, incl. brushes constituting parts of machines, appliances or vehicles, hand-operated mechanical floor sweepers, not motorised, mops and leather dusters; prepared knots and tufts for broom or brush making; paint pads and rollers; squeegees of rubber or similar flexible materials"", ""fr""=>""Balais et brosses, même constituant des parties de machines, d'appareils ou de véhicules, balais mécaniques pour emploi à la main (autres qu'à moteur), pinceaux et plumeaux; têtes préparées pour articles de brosserie; tampons et rouleaux à peindre; raclettes en caoutchouc ou en matières souples analogues""",95,"2020-08-31 07:24:26.959445","2020-08-31 07:24:26.959445",NULL,0,15
12371,"3299","329959","9604","9604 00",19,"""en""=>""Hand sieves and hand riddles (excl. colanders)"", ""fr""=>""Tamis et cribles, à main (sauf simples égouttoirs et passoires)""",95,"2020-09-17 09:06:10.164221","2020-09-17 09:06:10.164221",NULL,0,NULL
12372,"1512","151212","9605","9605 00",19,"""en""=>""Travel sets for personal toilet, sewing or shoe or clothes cleaning (excl. manicure sets)"", ""fr""=>""Assortiments de voyage pour la toilette des personnes, la couture ou le nettoyage des chaussures ou des vêtements (sauf trousses de manucure)""",95,"2020-09-17 09:06:10.164221","2020-09-17 09:06:10.164221",NULL,0,NULL
12121,NULL,NULL,"9606","9606",NULL,"""en""=>""Buttons, press-fasteners, snap-fasteners and press studs, button moulds and other parts of these articles; button blanks (excl. cuff links)"", ""fr""=>""Boutons (sauf boutons de manchette) et boutons-pression; formes pour boutons et autres parties de boutons ou de boutons-pression; ébauches de boutons""",95,"2020-08-31 07:24:26.959445","2020-08-31 07:24:26.959445",NULL,0,15
12127,NULL,NULL,"9607","9607",NULL,"""en""=>""Slide fasteners and parts thereof"", ""fr""=>""Fermetures à glissière et leurs parties""",95,"2020-08-31 07:24:26.959445","2020-08-31 07:24:26.959445",NULL,0,15
12133,NULL,NULL,"9608","9608",NULL,"""en""=>""Ball-point pens; felt tipped and other porous-tipped pens and markers; fountain pens, stylograph pens and other pens; duplicating stylos; propelling or sliding pencils; pen-holders, pencil-holders and similar holders; parts thereof, incl. caps and clips (excl. articles of heading 9609)"", ""fr""=>""Stylos et crayons à bille; stylos et marqueurs à mèche feutre ou à autres pointes poreuses; stylos à plume et autres stylos; stylets pour duplicateurs; porte-mine; porte-plume, porte-crayon et articles simil.; parties, y.c. les capuchons et les agrafes de ces articles (à l'excl. de celles du n° 9609)""",95,"2020-08-31 07:24:26.959445","2020-08-31 07:24:26.959445",NULL,0,15
12145,NULL,NULL,"9609","9609",NULL,"""en""=>""Pencils, crayons, pencil leads, pastels, drawing charcoals, writing or drawing chalks and tailors' chalks (excl. articles of heading 9608)"", ""fr""=>""Crayons (autres que les crayons du n° 9608), mines, pastels, fusains, craies à écrire ou à dessiner et craies de tailleurs""",95,"2020-08-31 07:24:26.959445","2020-08-31 07:24:26.959445",NULL,0,15
12373,"3299","329916","9610","9610 00",19,"""en""=>""Slates and boards, with writing or drawing surfaces, whether or not framed"", ""fr""=>""Ardoises et tableaux pour l'écriture ou le dessin, même encadrés""",95,"2020-09-17 09:06:10.164221","2020-09-17 09:06:10.164221",NULL,0,NULL
12374,"3299","329916","9611","9611 00",19,"""en""=>""Hand-operated date, sealing or numbering stamps, and the like; hand-operated composing sticks and hand printing sets"", ""fr""=>""Dateurs, cachets, numéroteurs, timbres et articles simil., y.c. les appareils pour l'impression d'étiquettes, à main; composteurs et imprimeries comportant des composteurs, à main""",95,"2020-09-17 09:06:10.164221","2020-09-17 09:06:10.164221",NULL,0,NULL
12155,NULL,NULL,"9612","9612",NULL,"""en""=>""Typewriter or similar ribbons, inked or otherwise prepared for giving impressions, whether or not on spools or in cartridges; ink-pads, whether or not inked, with or without boxes"", ""fr""=>""Rubans encreurs pour machines à écrire et rubans encreurs simil., encrés ou autrement préparés en vue de laisser des empreintes, même montés sur bobines ou en cartouches; tampons encreurs même imprégnés, avec ou sans boîte""",95,"2020-08-31 07:24:26.959445","2020-08-31 07:24:26.959445",NULL,0,15
12161,NULL,NULL,"9613","9613",NULL,"""en""=>""Cigarette lighters and other lighters, whether or not mechanical or electrical and parts thereof, n.e.s. (excl. fuses and primers for propellent powders and explosives of heading 3603)"", ""fr""=>""Briquets et allumeurs (à l'excl. des mèches et cordeaux détonants pour poudres propulsives et explosifs), même mécaniques ou électriques, et leurs parties (autres que les pierres et les mèches), n.d.a.""",95,"2020-08-31 07:24:26.959445","2020-08-31 07:24:26.959445",NULL,0,15
12659,NULL,NULL,"9614","9614",NULL,"""en""=>""Smoking pipes, incl. pipe bowls, cigar or cigarette holders, and parts thereof, n.e.s."", ""fr""=>""Pipes, y.c. les têtes de pipes, fume-cigare et fume-cigarette, et leurs parties""",95,"2020-09-17 09:06:10.164221","2020-09-17 09:06:10.164221",NULL,0,5
12169,NULL,NULL,"9615","9615",NULL,"""en""=>""Combs, hair-slides and the like; hairpins; curling pins, curling grips, hair-curlers and the like, and parts thereof, n.e.s. (excl. electro-thermic appliances of heading 8516)"", ""fr""=>""Peignes à coiffer, peignes de coiffure, barrettes et articles simil.; épingles à cheveux; pince-guiches, ondulateurs, bigoudis et articles simil. pour la coiffure (autres qu'appareils électriques chauffants) et leurs parties, n.d.a.""",95,"2020-08-31 07:24:26.959445","2020-08-31 07:24:26.959445",NULL,0,9
12173,NULL,NULL,"9616","9616",NULL,"""en""=>""Scent sprays and similar toilet sprays, and mounts and heads therefor; powder puffs and pads for the application of cosmetics or toilet preparations"", ""fr""=>""Vaporisateurs de toilette, leurs montures et têtes de montures; houppes et houppettes à poudre ou pour l'application d'autres cosmétiques ou produits de toilette""",95,"2020-08-31 07:24:26.959445","2020-08-31 07:24:26.959445",NULL,0,15
12375,"3299","329959","9617","9617 00",19,"""en""=>""Vacuum flasks and other vacuum vessels, and parts thereof (excl. glass inners)"", ""fr""=>""Bouteilles isolantes et autres récipients isothermiques montés, dont l'isolation est assurée par le vide, ainsi que leurs parties (à l'excl. des ampoules en verre)""",95,"2020-09-17 09:06:10.164221","2020-09-17 09:06:10.164221",NULL,0,NULL
12376,"3299","329959","9618","9618 00",19,"""en""=>""Tailors' dummies and other lay figures, automata and other animated displays used for shop window dressing (excl. the articles actually on display, educational models and toy dolls)"", ""fr""=>""Mannequins et articles simil.; automates et scènes animées pour étalages (à l'excl. des modèles utilisés pour l'enseignement, des poupées présentant des caractères de jouet et des marchandises présentées sur ces mannequins)""",95,"2020-09-17 09:06:10.164221","2020-09-17 09:06:10.164221",NULL,0,NULL
12660,NULL,NULL,"9619","9619",NULL,"""en""=>""Sanitary towels (pads) and tampons, napkins and napkin liners for babies, and similar articles, of any material"", ""fr""=>""Serviettes et tampons hygiéniques, couches et langes pour bébés et articles similaires, en toutes matières""",95,"2020-09-17 09:06:10.164221","2020-09-17 09:06:10.164221",NULL,0,5
12661,NULL,NULL,"9620","9620",NULL,"""en""=>""Monopods, bipods, tripods and similar articles"", ""fr""=>""Monopodes, bipieds, trépieds et articles similaires""",95,"2020-09-17 09:06:10.164221","2020-09-17 09:06:10.164221",NULL,0,10
12193,NULL,NULL,"9701","9701",NULL,"""en""=>""Paintings, e.g. oil paintings, watercolours and pastels, and drawings executed entirely by hand (excl. technical drawings and the like of heading 4906, and hand-painted or hand-decorated manufactured articles); collages and similar decorative plaques"", ""fr""=>""Tableaux, p.ex. peintures à l'huile, aquarelles et pastels, et dessins, faits entièrement à la main (à l'excl. des dessins du n° 4906 et des articles manufacturés décorés à la main); collages et tableautins simil.""",96,"2020-08-31 07:24:26.959445","2020-08-31 07:24:26.959445",NULL,0,19
12377,"9003","900313","9702","9702 00",19,"""en""=>""Original engravings, prints and lithographs"", ""fr""=>""Gravures, estampes et lithographies originales""",96,"2020-09-17 09:06:10.164221","2020-09-17 09:06:10.164221",NULL,0,NULL
12378,"9003","900313","9703","9703 00",19,"""en""=>""Original sculptures and statuary, in any material"", ""fr""=>""Productions originales de l'art statuaire ou de la sculpture, en toutes matières""",96,"2020-09-17 09:06:10.164221","2020-09-17 09:06:10.164221",NULL,0,NULL
12379,"9102","910220","9704","9704 00",19,"""en""=>""Postage or revenue stamps, stamp-postmarks, first-day covers, postal stationery, stamped paper and the like, used, or if unused, not of current or new issue in which they have, or will have, a recognised face value"", ""fr""=>""Timbres-poste, timbres fiscaux, marques postales, enveloppes premier jour, entiers postaux et analogues, oblitérés, ou bien non oblitérés mais n'ayant pas cours ni destinés à avoir cours dans le pays dans lequel ils ont, ou auront, une valeur faciale reconnue""",96,"2020-09-17 09:06:10.164221","2020-09-17 09:06:10.164221",NULL,0,NULL
12380,"9102","910220","9705","9705 00",19,"""en""=>""Collections and collector's pieces of zoological, botanical, mineralogical, anatomical, historical, archaeological, palaeontological, ethnographic or numismatic interest"", ""fr""=>""Collections et spécimens pour collections de zoologie, de botanique, de minéralogie, d'anatomie, ou présentant un intérêt historique, archéologique, paléontologique, ethnographique ou numismatique""",96,"2020-09-17 09:06:10.164221","2020-09-17 09:06:10.164221",NULL,0,NULL
12381,"9102","910220","9706","9706 00",19,"""en""=>""Antiques of > 100 years old"", ""fr""=>""Objets d'antiquité ayant > 100 ans d'âge""",96,"2020-09-17 09:06:10.164221","2020-09-17 09:06:10.164221",NULL,0,NULL
